0 0 0 0 0 0 0 0 0 0 0 44 30
0 0 0 0 0 0 0 0 0 0 0 44 30
0 0 0 0 0 0 0 0 0 0 0 44 30
0 0 0 0 0 0 0 0 0 0 0 44 30
0 0 0 0 0 0 0 0 0 0 0 44 30
0 0 0 0 0 0 0 0 0 0 0 44 30
0 0 0 0 0 0 0 0 0 0 0 44 30
0 0 0 0 0 0 0 0 0 0 0 44 30
0 0 0 0 0 0 0 0 0 0 0 44 30
0 0 0 0 0 0 0 0 0 0 0 44 30
0 0 0 0 0 0 0 0 0 0 0 44 30
0 0 0 0 0 0 0 0 0 0 0 44 30
0 0 0 0 0 0 0 0 0 0 0 44 30
0 0 0 0 0 0 0 0 0 0 0 44 30
0 0 0 0 0 0 0 0 0 0 0 44 30
0 0 0 0 0 0 0 0 0 0 0 44 30
0 0 0 0 0 0 0 0 0 0 0 44 30
0 0 0 0 0 0 0 0 0 0 0 44 30
0 0 0 0 0 0 0 0 0 0 0 44 30
0 0 0 0 0 0 0 0 0 0 0 44 30
0 0 0 0 0 0 0 0 0 0 0 44 30
0 0 0 0 0 0 0 0 0 0 0 44 30
0 0 0 0 0 0 0 0 0 0 0 44 30
0 0 0 0 0 0 0 0 0 0 0 44 30
0 0 0 0 0 0 0 0 0 0 0 44 30
0 0 0 0 0 0 0 0 0 0 0 44 30
0 0 0 0 0 0 0 0 0 0 0 44 30
0 0 0 0 0 0 0 0 0 0 0 44 30
0 0 0 0 0 0 0 0 0 0 0 44 30
0 0 0 0 0 0 0 0 0 0 0 44 30
0 0 0 0 0 0 0 0 0 0 0 44 31
0 0 0 0 0 0 0 0 0 0 0 44 31
0 0 0 0 0 0 0 0 0 0 0 44 31
0 0 0 0 0 0 0 0 0 0 0 44 31
0 0 0 0 0 0 0 0 0 0 0 44 31
0 0 0 0 0 0 0 0 0 0 0 44 31
0 0 0 0 0 0 0 0 0 0 0 44 31
0 0 0 0 0 0 0 0 0 0 0 44 31
0 0 0 0 0 0 0 0 0 0 0 44 31
0 0 0 0 0 0 0 0 0 0 0 44 31
0 0 0 0 0 0 0 0 0 0 0 44 31
0 0 0 0 0 0 0 0 0 0 0 44 31
0 0 0 0 0 0 0 0 0 0 0 44 31
0 0 0 0 0 0 0 0 0 0 0 44 31
0 0 0 0 0 0 0 0 0 0 0 44 31
0 0 0 0 0 0 0 0 0 0 0 44 31
0 0 0 0 0 0 0 0 0 0 0 44 31
0 0 0 0 0 0 0 0 0 0 0 44 31
0 0 0 0 0 0 0 0 0 0 0 44 31
0 0 0 0 0 0 0 0 0 0 0 44 31
0 0 0 0 0 0 0 0 0 0 0 44 31
0 0 0 0 0 0 0 0 0 0 0 44 31
0 0 0 0 0 0 0 0 0 0 0 44 31
0 0 0 0 0 0 0 0 0 0 0 44 31
0 0 0 0 0 0 0 0 0 0 0 44 31
0 0 0 0 0 0 0 0 0 0 0 44 31
0 0 0 0 0 0 0 0 0 0 0 44 31
0 0 0 0 0 0 0 0 0 0 0 44 31
0 0 0 0 0 0 0 0 0 0 0 44 31
0 0 0 0 0 0 0 0 0 0 0 44 31
0 0 0 0 0 0 0 0 0 0 0 44 31
0 0 0 0 0 0 0 0 0 0 0 44 31
0 0 0 0 0 0 0 0 0 0 0 44 31
0 0 0 0 0 0 0 0 0 0 0 44 31
0 0 0 0 0 0 0 0 0 0 0 44 31
0 0 0 0 0 0 0 0 0 0 0 44 31
0 0 0 0 0 0 0 0 0 0 0 44 31
0 0 0 0 0 0 0 0 0 0 0 44 31
0 0 0 0 0 0 0 0 0 0 0 44 31
0 0 0 0 0 0 0 0 0 0 0 44 31
0 0 0 0 0 0 0 0 0 0 0 44 31
0 0 0 0 0 0 0 0 0 0 0 44 31
0 0 0 0 0 0 0 0 0 0 0 44 31
0 0 0 0 0 0 0 0 0 0 0 44 31
0 0 0 0 0 0 0 0 0 0 0 44 31
0 0 0 0 0 0 0 0 0 0 0 44 31
0 0 0 0 0 0 0 0 0 0 0 44 31
0 0 0 0 0 0 0 0 0 0 0 44 31
0 0 0 0 0 0 0 0 0 0 0 44 31
0 0 0 0 0 0 0 0 0 0 0 44 31
0 0 0 0 0 0 0 0 0 0 0 44 31
0 0 0 0 0 0 0 0 0 0 0 44 31
0 0 0 0 0 0 0 0 0 0 0 44 31
0 0 0 0 0 0 0 0 0 0 0 44 32
0 0 0 0 0 0 0 0 0 0 0 44 32
0 0 0 0 0 0 0 0 0 0 0 44 32
0 0 0 0 0 0 0 0 0 0 0 44 32
0 0 0 0 0 0 0 0 0 0 0 44 32
0 0 0 0 0 0 0 0 0 0 0 44 32
0 0 0 0 0 0 0 0 0 0 0 44 32
0 0 0 0 0 0 0 0 0 0 0 44 32
0 0 0 0 0 0 0 0 0 0 0 44 32
0 0 0 0 0 0 0 0 0 0 0 44 32
0 0 0 0 0 0 0 0 0 0 0 44 32
0 0 0 0 0 0 0 0 0 0 0 44 32
0 0 0 0 0 0 0 0 0 0 0 44 32
0 0 0 0 0 0 0 0 0 0 0 44 32
0 0 0 0 0 0 0 0 0 0 0 44 32
0 0 0 0 0 0 0 0 0 0 0 44 32
0 0 0 0 0 0 0 0 0 0 0 44 32
0 0 0 0 0 0 0 0 0 0 0 44 32
0 0 0 0 0 0 0 0 0 0 0 44 32
0 0 0 0 0 0 0 0 0 0 0 44 32
0 0 0 0 0 0 0 0 0 0 0 44 32
0 0 0 0 0 0 0 0 0 0 0 44 32
0 0 0 0 0 0 0 0 0 0 0 44 32
0 0 0 0 0 0 0 0 0 0 0 44 32
0 0 0 0 0 0 0 0 0 0 0 44 32
0 0 0 0 0 0 0 0 0 0 0 44 32
0 0 0 0 0 0 0 0 0 0 0 44 32
0 0 0 0 0 0 0 0 0 0 0 44 32
0 0 0 0 0 0 0 0 0 0 0 44 32
0 0 0 0 0 0 0 0 0 0 0 44 32
0 0 0 0 0 0 0 0 0 0 0 44 32
0 0 0 0 0 0 0 0 0 0 0 44 32
0 0 0 0 0 0 0 0 0 0 0 44 32
0 0 0 0 0 0 0 0 0 0 0 44 32
0 0 0 0 0 0 0 0 0 0 0 44 32
0 0 0 0 0 0 0 0 0 0 0 44 32
0 0 0 0 0 0 0 0 0 0 0 44 32
0 0 0 0 0 0 0 0 0 0 0 44 32
0 0 0 0 0 0 0 0 0 0 0 44 32
0 0 0 0 0 0 0 0 0 0 0 44 32
0 0 0 0 0 0 0 0 0 0 0 44 32
0 0 0 0 0 0 0 0 0 0 0 44 32
0 0 0 0 0 0 0 0 0 0 0 44 32
0 0 0 0 0 0 0 0 0 0 0 44 32
0 0 0 0 0 0 0 0 0 0 0 44 32
0 0 0 0 0 0 0 0 0 0 0 44 32
0 0 0 0 0 0 0 0 0 0 0 44 32
0 0 0 0 0 0 0 0 0 0 0 44 32
0 0 0 0 0 0 0 0 0 0 0 44 32
0 0 0 0 0 0 0 0 0 0 0 44 32
0 0 0 0 0 0 0 0 0 0 0 44 32
0 0 0 0 0 0 0 0 0 0 0 44 32
0 0 0 0 0 0 0 0 0 0 0 44 34
0 0 0 0 0 0 0 0 0 0 0 44 34
0 0 0 0 0 0 0 0 0 0 0 44 34
0 0 0 0 0 0 0 0 0 0 0 44 35
0 0 0 0 0 0 0 0 0 0 0 44 35
0 0 0 0 0 0 0 0 0 0 0 44 35
0 0 0 0 0 0 0 0 0 0 0 44 35
0 0 0 0 0 0 0 0 0 0 0 44 35
0 0 0 0 0 0 0 0 0 0 0 44 35
0 0 0 0 0 0 0 0 0 0 0 44 35
0 0 0 0 0 0 0 0 0 0 0 44 35
0 0 0 0 0 0 0 0 0 0 0 44 35
0 0 0 0 0 0 0 0 0 0 0 44 35
0 0 0 0 0 0 0 0 0 0 0 44 35
0 0 0 0 0 0 0 0 0 0 0 44 35
0 0 0 0 0 0 0 0 0 0 0 44 35
0 0 0 0 0 0 0 0 0 0 0 44 35
0 0 0 0 0 0 0 0 0 0 0 44 35
0 0 0 0 0 0 0 0 0 0 0 44 35
0 0 0 0 0 0 0 0 0 0 0 44 35
0 0 0 0 0 0 0 0 0 0 0 44 35
0 0 0 0 0 0 0 0 0 0 0 44 35
0 0 0 0 0 0 0 0 0 0 0 44 35
0 0 0 0 0 0 0 0 0 0 0 44 35
0 0 0 0 0 0 0 0 0 0 0 44 35
0 0 0 0 0 0 0 0 0 0 0 44 35
0 0 0 0 0 0 0 0 0 0 0 44 35
0 0 0 0 0 0 0 0 0 0 0 44 35
0 0 0 0 0 0 0 0 0 0 0 44 35
0 0 0 0 0 0 0 0 0 0 0 44 35
0 0 0 0 0 0 0 0 0 0 0 44 35
0 0 0 0 0 0 0 0 0 0 0 44 35
0 0 0 0 0 0 0 0 0 0 0 44 35
0 0 0 0 0 0 0 0 0 0 0 44 36
0 0 0 0 0 0 0 0 0 0 0 44 36
0 0 0 0 0 0 0 0 0 0 0 44 36
0 0 0 0 0 0 0 0 0 0 0 44 36
0 0 0 0 0 0 0 0 0 0 0 44 36
0 0 0 0 0 0 0 0 0 0 0 44 36
0 0 0 0 0 0 0 0 0 0 0 44 36
0 0 0 0 0 0 0 0 0 0 0 44 36
0 0 0 0 0 0 0 0 0 0 0 44 36
0 0 0 0 0 0 0 0 0 0 0 44 36
0 0 0 0 0 0 0 0 0 0 0 44 36
0 0 0 0 0 0 0 0 0 0 0 44 36
0 0 0 0 0 0 0 0 0 0 0 44 36
0 0 0 0 0 0 0 0 0 0 0 44 36
0 0 0 0 0 0 0 0 0 0 0 44 36
0 0 0 0 0 0 0 0 0 0 0 44 36
0 0 0 0 0 0 0 0 0 0 0 44 36
0 0 0 0 0 0 0 0 0 0 0 44 36
0 0 0 0 0 0 0 0 0 0 0 44 36
0 0 0 0 0 0 0 0 0 0 0 44 36
0 0 0 0 0 0 0 0 0 0 0 44 36
0 0 0 0 0 0 0 0 0 0 0 44 36
0 0 0 0 0 0 0 0 0 0 0 44 36
0 0 0 0 0 0 0 0 0 0 0 44 36
0 0 0 0 0 0 0 0 0 0 0 44 36
0 0 0 0 0 0 0 0 0 0 0 44 36
0 0 0 0 0 0 0 0 0 0 0 44 36
0 0 0 0 0 0 0 0 0 0 0 44 36
0 0 0 0 0 0 0 0 0 0 0 44 36
0 0 0 0 0 0 0 0 0 0 0 44 36
0 0 0 0 0 0 0 0 0 0 0 44 37
0 0 0 0 0 0 0 0 0 0 0 44 37
0 0 0 0 0 0 0 0 0 0 0 44 37
0 0 0 0 0 0 0 0 0 0 0 44 37
0 0 0 0 0 0 0 0 0 0 0 44 37
0 0 0 0 0 0 0 0 0 0 0 44 37
0 0 0 0 0 0 0 0 0 0 0 44 37
0 0 0 0 0 0 0 0 0 0 0 44 37
0 0 0 0 0 0 0 0 0 0 0 44 37
0 0 0 0 0 0 0 0 0 0 0 44 37
0 0 0 0 0 0 0 0 0 0 0 44 37
0 0 0 0 0 0 0 0 0 0 0 44 37
0 0 0 0 0 0 0 0 0 0 0 44 37
0 0 0 0 0 0 0 0 0 0 0 44 37
0 0 0 0 0 0 0 0 0 0 0 44 37
0 0 0 0 0 0 0 0 0 0 0 44 37
0 0 0 0 0 0 0 0 0 0 0 44 37
0 0 0 0 0 0 0 0 0 0 0 44 37
0 0 0 0 0 0 0 0 0 0 0 44 37
0 0 0 0 0 0 0 0 0 0 0 44 37
0 0 0 0 0 0 0 0 0 0 0 44 37
0 0 0 0 0 0 0 0 0 0 0 44 37
0 0 0 0 0 0 0 0 0 0 0 44 37
0 0 0 0 0 0 0 0 0 0 0 44 37
0 0 0 0 0 0 0 0 0 0 0 44 37
0 0 0 0 0 0 0 0 0 0 0 44 37
0 0 0 0 0 0 0 0 0 0 0 44 37
0 0 0 0 0 0 0 0 0 0 0 44 37
0 0 0 0 0 0 0 0 0 0 0 44 37
0 0 0 0 0 0 0 0 0 0 0 44 37
0 0 0 0 0 0 0 0 0 0 0 44 38
0 0 0 0 0 0 0 0 0 0 0 44 38
0 0 0 0 0 0 0 0 0 0 0 44 38
0 0 0 0 0 0 0 0 0 0 0 44 38
0 0 0 0 0 0 0 0 0 0 0 44 38
0 0 0 0 0 0 0 0 0 0 0 44 38
0 0 0 0 0 0 0 0 0 0 0 44 38
0 0 0 0 0 0 0 0 0 0 0 44 38
0 0 0 0 0 0 0 0 0 0 0 44 38
0 0 0 0 0 0 0 0 0 0 0 44 38
0 0 0 0 0 0 0 0 0 0 0 44 38
0 0 0 0 0 0 0 0 0 0 0 44 38
0 0 0 0 0 0 0 0 0 0 0 44 38
0 0 0 0 0 0 0 0 0 0 0 44 38
0 0 0 0 0 0 0 0 0 0 0 44 38
0 0 0 0 0 0 0 0 0 0 0 44 38
0 0 0 0 0 0 0 0 0 0 0 44 38
0 0 0 0 0 0 0 0 0 0 0 44 38
0 0 0 0 0 0 0 0 0 0 0 44 38
0 0 0 0 0 0 0 0 0 0 0 44 38
0 0 0 0 0 0 0 0 0 0 0 44 38
0 0 0 0 0 0 0 0 0 0 0 44 38
0 0 0 0 0 0 0 0 0 0 0 44 38
0 0 0 0 0 0 0 0 0 0 0 44 38
0 0 0 0 0 0 0 0 0 0 0 44 38
0 0 0 0 0 0 0 0 0 0 0 44 38
0 0 0 0 0 0 0 0 0 0 0 44 38
0 0 0 0 0 0 0 0 0 0 0 44 38
0 0 0 0 0 0 0 0 0 0 0 44 38
0 0 0 0 0 0 0 0 0 0 0 44 38
0 0 0 0 0 0 0 0 0 0 0 44 39
0 0 0 0 0 0 0 0 0 0 0 44 39
0 0 0 0 0 0 0 0 0 0 0 44 39
0 0 0 0 0 0 0 0 0 0 0 44 39
0 0 0 0 0 0 0 0 0 0 0 44 39
0 0 0 0 0 0 0 0 0 0 0 44 39
0 0 0 0 0 0 0 0 0 0 0 44 39
0 0 0 0 0 0 0 0 0 0 0 44 39
0 0 0 0 0 0 0 0 0 0 0 44 39
0 0 0 0 0 0 0 0 0 0 0 44 39
0 0 0 0 0 0 0 0 0 0 0 44 39
0 0 0 0 0 0 0 0 0 0 0 44 39
0 0 0 0 0 0 0 0 0 0 0 44 39
0 0 0 0 0 0 0 0 0 0 0 44 39
0 0 0 0 0 0 0 0 0 0 0 44 39
0 0 0 0 0 0 0 0 0 0 0 44 39
0 0 0 0 0 0 0 0 0 0 0 44 39
0 0 0 0 0 0 0 0 0 0 0 44 39
0 0 0 0 0 0 0 0 0 0 0 44 39
0 0 0 0 0 0 0 0 0 0 0 44 39
0 0 0 0 0 0 0 0 0 0 0 44 39
0 0 0 0 0 0 0 0 0 0 0 44 39
0 0 0 0 0 0 0 0 0 0 0 44 39
0 0 0 0 0 0 0 0 0 0 0 44 39
0 0 0 0 0 0 0 0 0 0 0 44 39
0 0 0 0 0 0 0 0 0 0 0 44 39
0 0 0 0 0 0 0 0 0 0 0 44 39
0 0 0 0 0 0 0 0 0 0 0 44 39
0 0 0 0 0 0 0 0 0 0 0 44 39
0 0 0 0 0 0 0 0 0 0 0 44 39
0 0 0 0 0 0 0 0 0 0 0 44 40
0 0 0 0 0 0 0 0 0 0 0 44 40
0 0 0 0 0 0 0 0 0 0 0 44 41
0 0 0 0 0 0 0 0 0 0 0 44 41
0 0 0 0 0 0 0 0 0 0 0 44 41
0 0 0 0 0 0 0 0 0 0 0 44 41
0 0 0 0 0 0 0 0 0 0 0 44 41
0 0 0 0 0 0 0 0 0 0 0 44 41
0 0 0 0 0 0 0 0 0 0 0 44 41
0 0 0 0 0 0 0 0 0 0 0 44 41
0 0 0 0 0 0 0 0 0 0 0 44 41
0 0 0 0 0 0 0 0 0 0 0 44 41
0 0 0 0 0 0 0 0 0 0 0 44 41
0 0 0 0 0 0 0 0 0 0 0 44 41
0 0 0 0 0 0 0 0 0 0 0 44 41
0 0 0 0 0 0 0 0 0 0 0 44 41
0 0 0 0 0 0 0 0 0 0 0 44 41
0 0 0 0 0 0 0 0 0 0 0 44 41
0 0 0 0 0 0 0 0 0 0 0 44 41
0 0 0 0 0 0 0 0 0 0 0 44 42
0 0 0 0 0 0 0 0 0 0 0 44 42
0 0 0 0 0 0 0 0 0 0 0 44 42
0 0 0 0 0 0 0 0 0 0 0 44 42
0 0 0 0 0 0 0 0 0 0 0 44 42
0 0 0 0 0 0 0 0 0 0 0 44 42
0 0 0 0 0 0 0 0 0 0 0 44 42
0 0 0 0 0 0 0 0 0 0 0 44 42
0 0 0 0 0 0 0 0 0 0 0 44 42
0 0 0 0 0 0 0 0 0 0 0 44 42
0 0 0 0 0 0 0 0 0 0 0 44 42
0 0 0 0 0 0 0 0 0 0 0 44 42
0 0 0 0 0 0 0 0 0 0 0 44 42
0 0 0 0 0 0 0 0 0 0 0 44 42
0 0 0 0 0 0 0 0 0 0 0 44 42
0 0 0 0 0 0 0 0 0 0 0 44 42
0 0 0 0 0 0 0 0 0 0 0 44 42
0 0 0 0 0 0 0 0 0 0 0 44 42
0 0 0 0 0 0 0 0 0 0 0 44 42
0 0 0 0 0 0 0 0 0 0 0 44 42
0 0 0 0 0 0 0 0 0 0 0 44 42
0 0 0 0 0 0 0 0 0 0 0 44 42
0 0 0 0 0 0 0 0 0 0 0 44 42
0 0 0 0 0 0 0 0 0 0 0 44 42
0 0 0 0 0 0 0 0 0 0 0 44 42
0 0 0 0 0 0 0 0 0 0 0 44 42
0 0 0 0 0 0 0 0 0 0 0 44 42
0 0 0 0 0 0 0 0 0 0 0 44 43
0 0 0 0 0 0 0 0 0 0 0 44 43
0 0 0 0 0 0 0 0 0 0 0 44 43
0 0 0 0 0 0 0 0 0 0 0 44 43
0 0 0 0 0 0 0 0 0 0 0 44 43
0 0 0 0 0 0 0 0 0 0 0 44 43
0 0 0 0 0 0 0 0 0 0 0 44 43
0 0 0 0 0 0 0 0 0 0 0 44 43
0 0 0 0 0 0 0 0 0 0 0 44 43
0 0 0 0 0 0 0 0 0 0 0 44 43
0 0 0 0 0 0 0 0 0 0 0 44 43
0 0 0 0 0 0 0 0 0 0 0 44 43
0 0 0 0 0 0 0 0 0 0 0 44 43
0 0 0 0 0 0 0 0 0 0 0 44 43
0 0 0 0 0 0 0 0 0 0 0 44 43
0 0 0 0 0 0 0 0 0 0 0 44 43
0 0 0 0 0 0 0 0 0 0 0 44 43
0 0 0 0 0 0 0 0 0 0 0 44 43
0 0 0 0 0 0 0 0 0 0 0 44 43
0 0 0 0 0 0 0 0 0 0 0 44 43
0 0 0 0 0 0 0 0 0 0 0 44 43
0 0 0 0 0 0 0 0 0 0 0 44 43
0 0 0 0 0 0 0 0 0 0 0 44 43
0 0 0 0 0 0 0 0 0 0 0 44 43
0 0 0 0 0 0 0 0 0 0 0 44 43
0 0 0 0 0 0 0 0 0 0 0 44 44
0 0 0 0 0 0 0 0 0 0 0 44 44
0 0 0 0 0 0 0 0 0 0 0 44 44
0 0 0 0 0 0 0 0 0 0 0 44 44
0 0 0 0 0 0 0 0 0 0 0 44 44
0 0 0 0 0 0 0 0 0 0 0 44 44
0 0 0 0 0 0 0 0 0 0 0 44 44
0 0 0 0 0 0 0 0 0 0 0 44 44
0 0 0 0 0 0 0 0 0 0 0 44 44
0 0 0 0 0 0 0 0 0 0 0 44 44
0 0 0 0 0 0 0 0 0 0 0 44 44
0 0 0 0 0 0 0 0 0 0 0 44 44
0 0 0 0 0 0 0 0 0 0 0 44 44
0 0 0 0 0 0 0 0 0 0 0 44 44
0 0 0 0 0 0 0 0 0 0 0 44 44
0 0 0 0 0 0 0 0 0 0 0 44 44
0 0 0 0 0 0 0 0 0 0 0 44 44
0 0 0 0 0 0 0 0 0 0 0 44 44
0 0 0 0 0 0 0 0 0 0 0 44 44
0 0 0 0 0 0 0 0 0 0 0 44 44
0 0 0 0 0 0 0 0 0 0 0 44 44
0 0 0 0 0 0 0 0 0 0 0 44 44
0 0 0 0 0 0 0 0 0 0 0 44 44
0 0 0 0 0 0 0 0 0 0 0 44 44
0 0 0 0 0 0 0 0 0 0 0 44 44
0 0 0 0 0 0 0 0 0 0 0 44 44
0 0 0 0 0 0 0 0 0 0 0 44 44
0 0 0 0 0 0 0 0 0 0 0 44 45
0 0 0 0 0 0 0 0 0 0 0 44 45
0 0 0 0 0 0 0 0 0 0 0 44 45
0 0 0 0 0 0 0 0 0 0 0 44 45
0 0 0 0 0 0 0 0 0 0 0 44 45
0 0 0 0 0 0 0 0 0 0 0 44 45
0 0 0 0 0 0 0 0 0 0 0 44 45
0 0 0 0 0 0 0 0 0 0 0 44 45
0 0 0 0 0 0 0 0 0 0 0 44 45
0 0 0 0 0 0 0 0 0 0 0 44 45
0 0 0 0 0 0 0 0 0 0 0 44 45
0 0 0 0 0 0 0 0 0 0 0 44 45
0 0 0 0 0 0 0 0 0 0 0 44 45
0 0 0 0 0 0 0 0 0 0 0 44 45
0 0 0 0 0 0 0 0 0 0 0 44 45
0 0 0 0 0 0 0 0 0 0 0 44 45
0 0 0 0 0 0 0 0 0 0 0 44 45
0 0 0 0 0 0 0 0 0 0 0 44 45
0 0 0 0 0 0 0 0 0 0 0 44 45
0 0 0 0 0 0 0 0 0 0 0 44 45
0 0 0 0 0 0 0 0 0 0 0 44 45
0 0 0 0 0 0 0 0 0 0 0 44 45
0 0 0 0 0 0 0 0 0 0 0 44 45
0 0 0 0 0 0 0 0 0 0 0 44 45
0 0 0 0 0 0 0 0 0 0 0 44 45
0 0 0 0 0 0 0 0 0 0 0 44 46
0 0 0 0 0 0 0 0 0 0 0 44 46
0 0 0 0 0 0 0 0 0 0 0 44 46
0 0 0 0 0 0 0 0 0 0 0 44 46
0 0 0 0 0 0 0 0 0 0 0 44 46
0 0 0 0 0 0 0 0 0 0 0 44 46
0 0 0 0 0 0 0 0 0 0 0 44 46
0 0 0 0 0 0 0 0 0 0 0 44 46
0 0 0 0 0 0 0 0 0 0 0 44 46
0 0 0 0 0 0 0 0 0 0 0 44 46
0 0 0 0 0 0 0 0 0 0 0 44 46
0 0 0 0 0 0 0 0 0 0 0 44 46
0 0 0 0 0 0 0 0 0 0 0 44 46
0 0 0 0 0 0 0 0 0 0 0 44 46
0 0 0 0 0 0 0 0 0 0 0 44 46
0 0 0 0 0 0 0 0 0 0 0 44 46
0 0 0 0 0 0 0 0 0 0 0 44 46
0 0 0 0 0 0 0 0 0 0 0 44 46
0 0 0 0 0 0 0 0 0 0 0 44 46
0 0 0 0 0 0 0 0 0 0 0 44 46
0 0 0 0 0 0 0 0 0 0 0 44 46
0 0 0 0 0 0 0 0 0 0 0 44 46
0 0 0 0 0 0 0 0 0 0 0 44 46
0 0 0 0 0 0 0 0 0 0 0 44 46
0 0 0 0 0 0 0 0 0 0 0 44 46
0 0 0 0 0 0 0 0 0 0 0 44 47
0 0 0 0 0 0 0 0 0 0 0 44 47
0 0 0 0 0 0 0 0 0 0 0 44 47
0 0 0 0 0 0 0 0 0 0 0 44 47
0 0 0 0 0 0 0 0 0 0 0 44 47
0 0 0 0 0 0 0 0 0 0 0 44 47
0 0 0 0 0 0 0 0 0 0 0 44 47
0 0 0 0 0 0 0 0 0 0 0 44 47
0 0 0 0 0 0 0 0 0 0 0 44 47
0 0 0 0 0 0 0 0 0 0 0 44 47
0 0 0 0 0 0 0 0 0 0 0 44 47
0 0 0 0 0 0 0 0 0 0 0 44 47
0 0 0 0 0 0 0 0 0 0 0 44 47
0 0 0 0 0 0 0 0 0 0 0 44 47
0 0 0 0 0 0 0 0 0 0 0 44 47
0 0 0 0 0 0 0 0 0 0 0 44 47
0 0 0 0 0 0 0 0 0 0 0 44 47
0 0 0 0 0 0 0 0 0 0 0 44 47
0 0 0 0 0 0 0 0 0 0 0 44 47
0 0 0 0 0 0 0 0 0 0 0 44 47
0 0 0 0 0 0 0 0 0 0 0 44 47
0 0 0 0 0 0 0 0 0 0 0 44 47
0 0 0 0 0 0 0 0 0 0 0 44 47
0 0 0 0 0 0 0 0 0 0 0 44 47
0 0 0 0 0 0 0 0 0 0 0 44 47
0 0 0 0 0 0 0 0 0 0 0 44 48
0 0 0 0 0 0 0 0 0 0 0 44 48
0 0 0 0 0 0 0 0 0 0 0 44 48
0 0 0 0 0 0 0 0 0 0 0 44 48
0 0 0 0 0 0 0 0 0 0 0 44 48
0 0 0 0 0 0 0 0 0 0 0 44 48
0 0 0 0 0 0 0 0 0 0 0 44 48
0 0 0 0 0 0 0 0 0 0 0 44 48
0 0 0 0 0 0 0 0 0 0 0 44 48
0 0 0 0 0 0 0 0 0 0 0 44 48
0 0 0 0 0 0 0 0 0 0 0 44 48
0 0 0 0 0 0 0 0 0 0 0 44 48
0 0 0 0 0 0 0 0 0 0 0 44 48
0 0 0 0 0 0 0 0 0 0 0 44 48
0 0 0 0 0 0 0 0 0 0 0 44 48
0 0 0 0 0 0 0 0 0 0 0 44 48
0 0 0 0 0 0 0 0 0 0 0 44 48
0 0 0 0 0 0 0 0 0 0 0 44 48
0 0 0 0 0 0 0 0 0 0 0 44 48
0 0 0 0 0 0 0 0 0 0 0 44 48
0 0 0 0 0 0 0 0 0 0 0 44 48
0 0 0 0 0 0 0 0 0 0 0 44 48
0 0 0 0 0 0 0 0 0 0 0 44 48
0 0 0 0 0 0 0 0 0 0 0 44 48
0 0 0 0 0 0 0 0 0 0 0 44 48
0 0 0 0 0 0 0 0 0 0 0 44 49
0 0 0 0 0 0 0 0 0 0 0 44 49
0 0 0 0 0 0 0 0 0 0 0 44 49
0 0 0 0 0 0 0 0 0 0 0 44 49
0 0 0 0 0 0 0 0 0 0 0 44 49
0 0 0 0 0 0 0 0 0 0 0 44 49
0 0 0 0 0 0 0 0 0 0 0 44 49
0 0 0 0 0 0 0 0 0 0 0 44 49
0 0 0 0 0 0 0 0 0 0 0 44 49
0 0 0 0 0 0 0 0 0 0 0 44 49
0 0 0 0 0 0 0 0 0 0 0 44 49
0 0 0 0 0 0 0 0 0 0 0 44 49
0 0 0 0 0 0 0 0 0 0 0 44 49
0 0 0 0 0 0 0 0 0 0 0 44 49
0 0 0 0 0 0 0 0 0 0 0 44 49
0 0 0 0 0 0 0 0 0 0 0 44 49
0 0 0 0 0 0 0 0 0 0 0 44 49
0 0 0 0 0 0 0 0 0 0 0 44 49
0 0 0 0 0 0 0 0 0 0 0 44 49
0 0 0 0 0 0 0 0 0 0 0 44 49
0 0 0 0 0 0 0 0 0 0 0 44 49
0 0 0 0 0 0 0 0 0 0 0 44 49
0 0 0 0 0 0 0 0 0 0 0 44 49
0 0 0 0 0 0 0 0 0 0 0 44 49
0 0 0 0 0 0 0 0 0 0 0 44 49
0 0 0 0 0 0 0 0 0 0 0 44 50
0 0 0 0 0 0 0 0 0 0 0 44 50
0 0 0 0 0 0 0 0 0 0 0 44 50
0 0 0 0 0 0 0 0 0 0 0 44 50
0 0 0 0 0 0 0 0 0 0 0 44 50
0 0 0 0 0 0 0 0 0 0 0 44 50
0 0 0 0 0 0 0 0 0 0 0 44 50
0 0 0 0 0 0 0 0 0 0 0 44 50
0 0 0 0 0 0 0 0 0 0 0 44 50
0 0 0 0 0 0 0 0 0 0 0 44 50
0 0 0 0 0 0 0 0 0 0 0 44 50
0 0 0 0 0 0 0 0 0 0 0 44 50
0 0 0 0 0 0 0 0 0 0 0 44 50
0 0 0 0 0 0 0 0 0 0 0 44 50
0 0 0 0 0 0 0 0 0 0 0 44 50
0 0 0 0 0 0 0 0 0 0 0 44 50
0 0 0 0 0 0 0 0 0 0 0 44 50
0 0 0 0 0 0 0 0 0 0 0 44 50
0 0 0 0 0 0 0 0 0 0 0 44 50
0 0 0 0 0 0 0 0 0 0 0 44 50
0 0 0 0 0 0 0 0 0 0 0 44 50
0 0 0 0 0 0 0 0 0 0 0 44 50
0 0 0 0 0 0 0 0 0 0 0 44 50
0 0 0 0 0 0 0 0 0 0 0 44 50
0 0 0 0 0 0 0 0 0 0 0 44 50
0 0 0 0 0 0 0 0 0 0 0 44 50
0 0 0 0 0 0 0 0 0 0 0 44 51
0 0 0 0 0 0 0 0 0 0 0 44 51
0 0 0 0 0 0 0 0 0 0 0 44 51
0 0 0 0 0 0 0 0 0 0 0 44 51
0 0 0 0 0 0 0 0 0 0 0 44 51
0 0 0 0 0 0 0 0 0 0 0 44 51
0 0 0 0 0 0 0 0 0 0 0 44 51
0 0 0 0 0 0 0 0 0 0 0 44 51
0 0 0 0 0 0 0 0 0 0 0 44 51
0 0 0 0 0 0 0 0 0 0 0 44 51
0 0 0 0 0 0 0 0 0 0 0 44 51
0 0 0 0 0 0 0 0 0 0 0 44 51
0 0 0 0 0 0 0 0 0 0 0 44 51
0 0 0 0 0 0 0 0 0 0 0 44 51
0 0 0 0 0 0 0 0 0 0 0 44 51
0 0 0 0 0 0 0 0 0 0 0 44 51
0 0 0 0 0 0 0 0 0 0 0 44 51
0 0 0 0 0 0 0 0 0 0 0 44 51
0 0 0 0 0 0 0 0 0 0 0 44 51
0 0 0 0 0 0 0 0 0 0 0 44 51
0 0 0 0 0 0 0 0 0 0 0 44 51
0 0 0 0 0 0 0 0 0 0 0 44 51
0 0 0 0 0 0 0 0 0 0 0 44 51
0 0 0 0 0 0 0 0 0 0 0 44 51
0 0 0 0 0 0 0 0 0 0 0 44 51
0 0 0 0 0 0 0 0 0 0 0 44 51
0 0 0 0 0 0 0 0 0 0 0 44 52
0 0 0 0 0 0 0 0 0 0 0 44 52
0 0 0 0 0 0 0 0 0 0 0 44 52
0 0 0 0 0 0 0 0 0 0 0 44 52
0 0 0 0 0 0 0 0 0 0 0 44 52
0 0 0 0 0 0 0 0 0 0 0 44 52
0 0 0 0 0 0 0 0 0 0 0 44 52
0 0 0 0 0 0 0 0 0 0 0 44 52
0 0 0 0 0 0 0 0 0 0 0 44 52
0 0 0 0 0 0 0 0 0 0 0 44 52
0 0 0 0 0 0 0 0 0 0 0 44 52
0 0 0 0 0 0 0 0 0 0 0 44 52
0 0 0 0 0 0 0 0 0 0 0 44 52
0 0 0 0 0 0 0 0 0 0 0 44 52
0 0 0 0 0 0 0 0 0 0 0 44 52
0 0 0 0 0 0 0 0 0 0 0 44 52
0 0 0 0 0 0 0 0 0 0 0 44 52
0 0 0 0 0 0 0 0 0 0 0 44 52
0 0 0 0 0 0 0 0 0 0 0 44 52
0 0 0 0 0 0 0 0 0 0 0 44 52
0 0 0 0 0 0 0 0 0 0 0 44 52
0 0 0 0 0 0 0 0 0 0 0 44 52
0 0 0 0 0 0 0 0 0 0 0 44 52
0 0 0 0 0 0 0 0 0 0 0 44 52
0 0 0 0 0 0 0 0 0 0 0 44 53
0 0 0 0 0 0 0 0 0 0 0 44 53
0 0 0 0 0 0 0 0 0 0 0 44 53
0 0 0 0 0 0 0 0 0 0 0 44 53
0 0 0 0 0 0 0 0 0 0 0 44 53
0 0 0 0 0 0 0 0 0 0 0 44 53
0 0 0 0 0 0 0 0 0 0 0 44 53
0 0 0 0 0 0 0 0 0 0 0 44 53
0 0 0 0 0 0 0 0 0 0 0 44 53
0 0 0 0 0 0 0 0 0 0 0 44 53
0 0 0 0 0 0 0 0 0 0 0 44 53
0 0 0 0 0 0 0 0 0 0 0 44 53
0 0 0 0 0 0 0 0 0 0 0 44 53
0 0 0 0 0 0 0 0 0 0 0 44 53
0 0 0 0 0 0 0 0 0 0 0 44 53
0 0 0 0 0 0 0 0 0 0 0 44 53
0 0 0 0 0 0 0 0 0 0 0 44 53
0 0 0 0 0 0 0 0 0 0 0 44 53
0 0 0 0 0 0 0 0 0 0 0 44 53
0 0 0 0 0 0 0 0 0 0 0 44 53
0 0 0 0 0 0 0 0 0 0 0 44 53
0 0 0 0 0 0 0 0 0 0 0 44 53
0 0 0 0 0 0 0 0 0 0 0 44 53
0 0 0 0 0 0 0 0 0 0 0 44 53
0 0 0 0 0 0 0 0 0 0 0 44 53
0 0 0 0 0 0 0 0 0 0 0 44 54
0 0 0 0 0 0 0 0 0 0 0 44 54
0 0 0 0 0 0 0 0 0 0 0 44 54
0 0 0 0 0 0 0 0 0 0 0 44 54
0 0 0 0 0 0 0 0 0 0 0 44 54
0 0 0 0 0 0 0 0 0 0 0 44 54
0 0 0 0 0 0 0 0 0 0 0 44 54
0 0 0 0 0 0 0 0 0 0 0 44 54
0 0 0 0 0 0 0 0 0 0 0 44 54
0 0 0 0 0 0 0 0 0 0 0 44 54
0 0 0 0 0 0 0 0 0 0 0 44 54
0 0 0 0 0 0 0 0 0 0 0 44 54
0 0 0 0 0 0 0 0 0 0 0 44 54
0 0 0 0 0 0 0 0 0 0 0 44 54
0 0 0 0 0 0 0 0 0 0 0 44 54
0 0 0 0 0 0 0 0 0 0 0 44 54
0 0 0 0 0 0 0 0 0 0 0 44 54
0 0 0 0 0 0 0 0 0 0 0 44 54
0 0 0 0 0 0 0 0 0 0 0 44 54
0 0 0 0 0 0 0 0 0 0 0 44 54
0 0 0 0 0 0 0 0 0 0 0 44 54
0 0 0 0 0 0 0 0 0 0 0 44 54
0 0 0 0 0 0 0 0 0 0 0 44 54
0 0 0 0 0 0 0 0 0 0 0 44 54
0 0 0 0 0 0 0 0 0 0 0 44 54
0 0 0 0 0 0 0 0 0 0 0 44 54
0 0 0 0 0 0 0 0 0 0 0 44 55
0 0 0 0 0 0 0 0 0 0 0 44 55
0 0 0 0 0 0 0 0 0 0 0 44 55
0 0 0 0 0 0 0 0 0 0 0 44 55
0 0 0 0 0 0 0 0 0 0 0 44 55
0 0 0 0 0 0 0 0 0 0 0 44 55
0 0 0 0 0 0 0 0 0 0 0 44 55
0 0 0 0 0 0 0 0 0 0 0 44 55
0 0 0 0 0 0 0 0 0 0 0 44 55
0 0 0 0 0 0 0 0 0 0 0 44 55
0 0 0 0 0 0 0 0 0 0 0 44 55
0 0 0 0 0 0 0 0 0 0 0 44 55
0 0 0 0 0 0 0 0 0 0 0 44 55
0 0 0 0 0 0 0 0 0 0 0 44 55
0 0 0 0 0 0 0 0 0 0 0 44 55
0 0 0 0 0 0 0 0 0 0 0 44 55
0 0 0 0 0 0 0 0 0 0 0 44 55
0 0 0 0 0 0 0 0 0 0 0 44 55
0 0 0 0 0 0 0 0 0 0 0 44 55
0 0 0 0 0 0 0 0 0 0 0 44 55
0 0 0 0 0 0 0 0 0 0 0 44 55
0 0 0 0 0 0 0 0 0 0 0 44 55
0 0 0 0 0 0 0 0 0 0 0 44 55
0 0 0 0 0 0 0 0 0 0 0 44 55
0 0 0 0 0 0 0 0 0 0 0 44 55
0 0 0 0 0 0 0 0 0 0 0 44 56
0 0 0 0 0 0 0 0 0 0 0 44 56
0 0 0 0 0 0 0 0 0 0 0 44 56
0 0 0 0 0 0 0 0 0 0 0 44 56
0 0 0 0 0 0 0 0 0 0 0 44 56
0 0 0 0 0 0 0 0 0 0 0 44 56
0 0 0 0 0 0 0 0 0 0 0 44 56
0 0 0 0 0 0 0 0 0 0 0 44 56
0 0 0 0 0 0 0 0 0 0 0 44 56
0 0 0 0 0 0 0 0 0 0 0 44 56
0 0 0 0 0 0 0 0 0 0 0 44 56
0 0 0 0 0 0 0 0 0 0 0 44 56
0 0 0 0 0 0 0 0 0 0 0 44 56
0 0 0 0 0 0 0 0 0 0 0 44 56
0 0 0 0 0 0 0 0 0 0 0 44 56
0 0 0 0 0 0 0 0 0 0 0 44 56
0 0 0 0 0 0 0 0 0 0 0 44 56
0 0 0 0 0 0 0 0 0 0 0 44 56
0 0 0 0 0 0 0 0 0 0 0 44 56
0 0 0 0 0 0 0 0 0 0 0 44 56
0 0 0 0 0 0 0 0 0 0 0 44 56
0 0 0 0 0 0 0 0 0 0 0 44 56
0 0 0 0 0 0 0 0 0 0 0 44 56
0 0 0 0 0 0 0 0 0 0 0 44 56
0 0 0 0 0 0 0 0 0 0 0 44 56
0 0 0 0 0 0 0 0 0 0 0 44 57
0 0 0 0 0 0 0 0 0 0 0 44 57
0 0 0 0 0 0 0 0 0 0 0 44 57
0 0 0 0 0 0 0 0 0 0 0 44 57
0 0 0 0 0 0 0 0 0 0 0 44 57
0 0 0 0 0 0 0 0 0 0 0 44 57
0 0 0 0 0 0 0 0 0 0 0 44 57
0 0 0 0 0 0 0 0 0 0 0 44 57
0 0 0 0 0 0 0 0 0 0 0 44 57
0 0 0 0 0 0 0 0 0 0 0 44 57
0 0 0 0 0 0 0 0 0 0 0 44 57
0 0 0 0 0 0 0 0 0 0 0 44 57
0 0 0 0 0 0 0 0 0 0 0 44 57
0 0 0 0 0 0 0 0 0 0 0 44 57
0 0 0 0 0 0 0 0 0 0 0 44 57
0 0 0 0 0 0 0 0 0 0 0 44 57
0 0 0 0 0 0 0 0 0 0 0 44 57
0 0 0 0 0 0 0 0 0 0 0 44 57
0 0 0 0 0 0 0 0 0 0 0 44 57
0 0 0 0 0 0 0 0 0 0 0 44 57
0 0 0 0 0 0 0 0 0 0 0 44 57
0 0 0 0 0 0 0 0 0 0 0 44 57
0 0 0 0 0 0 0 0 0 0 0 44 57
0 0 0 0 0 0 0 0 0 0 0 44 57
0 0 0 0 0 0 0 0 0 0 0 44 57
0 0 0 0 0 0 0 0 0 0 0 44 57
0 0 0 0 0 0 0 0 0 0 0 44 58
0 0 0 0 0 0 0 0 0 0 0 44 58
0 0 0 0 0 0 0 0 0 0 0 44 58
0 0 0 0 0 0 0 0 0 0 0 44 58
0 0 0 0 0 0 0 0 0 0 0 44 58
0 0 0 0 0 0 0 0 0 0 0 44 58
0 0 0 0 0 0 0 0 0 0 0 44 58
0 0 0 0 0 0 0 0 0 0 0 44 58
0 0 0 0 0 0 0 0 0 0 0 44 58
0 0 0 0 0 0 0 0 0 0 0 44 58
0 0 0 0 0 0 0 0 0 0 0 44 58
0 0 0 0 0 0 0 0 0 0 0 44 58
0 0 0 0 0 0 0 0 0 0 0 44 58
0 0 0 0 0 0 0 0 0 0 0 44 58
0 0 0 0 0 0 0 0 0 0 0 44 58
0 0 0 0 0 0 0 0 0 0 0 44 58
0 0 0 0 0 0 0 0 0 0 0 44 58
0 0 0 0 0 0 0 0 0 0 0 44 58
0 0 0 0 0 0 0 0 0 0 0 44 58
0 0 0 0 0 0 0 0 0 0 0 44 58
0 0 0 0 0 0 0 0 0 0 0 44 58
0 0 0 0 0 0 0 0 0 0 0 44 58
0 0 0 0 0 0 0 0 0 0 0 44 58
0 0 0 0 0 0 0 0 0 0 0 44 58
0 0 0 0 0 0 0 0 0 0 0 44 59
0 0 0 0 0 0 0 0 0 0 0 44 59
0 0 0 0 0 0 0 0 0 0 0 44 59
0 0 0 0 0 0 0 0 0 0 0 44 59
0 0 0 0 0 0 0 0 0 0 0 44 59
0 0 0 0 0 0 0 0 0 0 0 44 59
0 0 0 0 0 0 0 0 0 0 0 44 59
0 0 0 0 0 0 0 0 0 0 0 44 59
0 0 0 0 0 0 0 0 0 0 0 44 59
0 0 0 0 0 0 0 0 0 0 0 44 59
0 0 0 0 0 0 0 0 0 0 0 44 59
0 0 0 0 0 0 0 0 0 0 0 44 59
0 0 0 0 0 0 0 0 0 0 0 44 59
0 0 0 0 0 0 0 0 0 0 0 44 59
0 0 0 0 0 0 0 0 0 0 0 44 59
0 0 0 0 0 0 0 0 0 0 0 44 59
0 0 0 0 0 0 0 0 0 0 0 44 59
0 0 0 0 0 0 0 0 0 0 0 44 59
0 0 0 0 0 0 0 0 0 0 0 44 59
0 0 0 0 0 0 0 0 0 0 0 44 59
0 0 0 0 0 0 0 0 0 0 0 44 59
0 0 0 0 0 0 0 0 0 0 0 44 59
0 0 0 0 0 0 0 0 0 0 0 44 59
0 0 0 0 0 0 0 0 0 0 0 44 59
0 0 0 0 0 0 0 0 0 0 0 44 59
0 0 0 0 0 0 0 0 0 0 0 45 0
0 0 0 0 0 0 0 0 0 0 0 45 0
0 0 0 0 0 0 0 0 0 0 0 45 0
0 0 0 0 0 0 0 0 0 0 0 45 0
0 0 0 0 0 0 0 0 0 0 0 45 0
0 0 0 0 0 0 0 0 0 0 0 45 0
0 0 0 0 0 0 0 0 0 0 0 45 0
0 0 0 0 0 0 0 0 0 0 0 45 0
0 0 0 0 0 0 0 0 0 0 0 45 0
0 0 0 0 0 0 0 0 0 0 0 45 0
0 0 0 0 0 0 0 0 0 0 0 45 0
0 0 0 0 0 0 0 0 0 0 0 45 0
0 0 0 0 0 0 0 0 0 0 0 45 0
0 0 0 0 0 0 0 0 0 0 0 45 0
0 0 0 0 0 0 0 0 0 0 0 45 0
0 0 0 0 0 0 0 0 0 0 0 45 0
0 0 0 0 0 0 0 0 0 0 0 45 0
0 0 0 0 0 0 0 0 0 0 0 45 0
0 0 0 0 0 0 0 0 0 0 0 45 0
0 0 0 0 0 0 0 0 0 0 0 45 0
0 0 0 0 0 0 0 0 0 0 0 45 0
0 0 0 0 0 0 0 0 0 0 0 45 0
0 0 0 0 0 0 0 0 0 0 0 45 0
0 0 0 0 0 0 0 0 0 0 0 45 0
0 0 0 0 0 0 0 0 0 0 0 45 0
0 0 0 0 0 0 0 0 0 0 0 45 0
0 0 0 0 0 0 0 0 0 0 0 45 1
0 0 0 0 0 0 0 0 0 0 0 45 1
0 0 0 0 0 0 0 0 0 0 0 45 1
0 0 0 0 0 0 0 0 0 0 0 45 1
0 0 0 0 0 0 0 0 0 0 0 45 1
0 0 0 0 0 0 0 0 0 0 0 45 1
0 0 0 0 0 0 0 0 0 0 0 45 1
0 0 0 0 0 0 0 0 0 0 0 45 1
0 0 0 0 0 0 0 0 0 0 0 45 1
0 0 0 0 0 0 0 0 0 0 0 45 1
0 0 0 0 0 0 0 0 0 0 0 45 1
0 0 0 0 0 0 0 0 0 0 0 45 1
0 0 0 0 0 0 0 0 0 0 0 45 1
0 0 0 0 0 0 0 0 0 0 0 45 1
0 0 0 0 0 0 0 0 0 0 0 45 1
0 0 0 0 0 0 0 0 0 0 0 45 1
0 0 0 0 0 0 0 0 0 0 0 45 1
0 0 0 0 0 0 0 0 0 0 0 45 1
0 0 0 0 0 0 0 0 0 0 0 45 1
0 0 0 0 0 0 0 0 0 0 0 45 1
0 0 0 0 0 0 0 0 0 0 0 45 1
0 0 0 0 0 0 0 0 0 0 0 45 1
0 0 0 0 0 0 0 0 0 0 0 45 1
0 0 0 0 0 0 0 0 0 0 0 45 1
0 0 0 0 0 0 0 0 0 0 0 45 1
0 0 0 0 0 0 0 0 0 0 0 45 1
0 0 0 0 0 0 0 0 0 0 0 45 1
0 0 0 0 0 0 0 0 0 0 0 45 2
0 0 0 0 0 0 0 0 0 0 0 45 2
0 0 0 0 0 0 0 0 0 0 0 45 2
0 0 0 0 0 0 0 0 0 0 0 45 2
0 0 0 0 0 0 0 0 0 0 0 45 2
0 0 0 0 0 0 0 0 0 0 0 45 2
0 0 0 0 0 0 0 0 0 0 0 45 2
0 0 0 0 0 0 0 0 0 0 0 45 2
0 0 0 0 0 0 0 0 0 0 0 45 2
0 0 0 0 0 0 0 0 0 0 0 45 2
0 0 0 0 0 0 0 0 0 0 0 45 2
0 0 0 0 0 0 0 0 0 0 0 45 2
0 0 0 0 0 0 0 0 0 0 0 45 2
0 0 0 0 0 0 0 0 0 0 0 45 2
0 0 0 0 0 0 0 0 0 0 0 45 2
0 0 0 0 0 0 0 0 0 0 0 45 2
0 0 0 0 0 0 0 0 0 0 0 45 2
0 0 0 0 0 0 0 0 0 0 0 45 2
0 0 0 0 0 0 0 0 0 0 0 45 2
0 0 0 0 0 0 0 0 0 0 0 45 2
0 0 0 0 0 0 0 0 0 0 0 45 2
0 0 0 0 0 0 0 0 0 0 0 45 2
0 0 0 0 0 0 0 0 0 0 0 45 2
0 0 0 0 0 0 0 0 0 0 0 45 2
0 0 0 0 0 0 0 0 0 0 0 45 3
0 0 0 0 0 0 0 0 0 0 0 45 3
0 0 0 0 0 0 0 0 0 0 0 45 3
0 0 0 0 0 0 0 0 0 0 0 45 3
0 0 0 0 0 0 0 0 0 0 0 45 3
0 0 0 0 0 0 0 0 0 0 0 45 3
0 0 0 0 0 0 0 0 0 0 0 45 3
0 0 0 0 0 0 0 0 0 0 0 45 3
0 0 0 0 0 0 0 0 0 0 0 45 3
0 0 0 0 0 0 0 0 0 0 0 45 3
0 0 0 0 0 0 0 0 0 0 0 45 3
0 0 0 0 0 0 0 0 0 0 0 45 3
0 0 0 0 0 0 0 0 0 0 0 45 3
0 0 0 0 0 0 0 0 0 0 0 45 3
0 0 0 0 0 0 0 0 0 0 0 45 3
0 0 0 0 0 0 0 0 0 0 0 45 3
0 0 0 0 0 0 0 0 0 0 0 45 3
0 0 0 0 0 0 0 0 0 0 0 45 3
0 0 0 0 0 0 0 0 0 0 0 45 3
0 0 0 0 0 0 0 0 0 0 0 45 3
0 0 0 0 0 0 0 0 0 0 0 45 3
0 0 0 0 0 0 0 0 0 0 0 45 3
0 0 0 0 0 0 0 0 0 0 0 45 3
0 0 0 0 0 0 0 0 0 0 0 45 3
0 0 0 0 0 0 0 0 0 0 0 45 3
0 0 0 0 0 0 0 0 0 0 0 45 3
0 0 0 0 0 0 0 0 0 0 0 45 4
0 0 0 0 0 0 0 0 0 0 0 45 4
0 0 0 0 0 0 0 0 0 0 0 45 4
0 0 0 0 0 0 0 0 0 0 0 45 4
0 0 0 0 0 0 0 0 0 0 0 45 4
0 0 0 0 0 0 0 0 0 0 0 45 4
0 0 0 0 0 0 0 0 0 0 0 45 4
0 0 0 0 0 0 0 0 0 0 0 45 4
0 0 0 0 0 0 0 0 0 0 0 45 4
0 0 0 0 0 0 0 0 0 0 0 45 4
0 0 0 0 0 0 0 0 0 0 0 45 4
0 0 0 0 0 0 0 0 0 0 0 45 4
0 0 0 0 0 0 0 0 0 0 0 45 4
0 0 0 0 0 0 0 0 0 0 0 45 4
0 0 0 0 0 0 0 0 0 0 0 45 4
0 0 0 0 0 0 0 0 0 0 0 45 4
0 0 0 0 0 0 0 0 0 0 0 45 4
0 0 0 0 0 0 0 0 0 0 0 45 4
0 0 0 0 0 0 0 0 0 0 0 45 4
0 0 0 0 0 0 0 0 0 0 0 45 4
0 0 0 0 0 0 0 0 0 0 0 45 4
0 0 0 0 0 0 0 0 0 0 0 45 4
0 0 0 0 0 0 0 0 0 0 0 45 4
0 0 0 0 0 0 0 0 0 0 0 45 4
0 0 0 0 0 0 0 0 0 0 0 45 4
0 0 0 0 0 0 0 0 0 0 0 45 5
0 0 0 0 0 0 0 0 0 0 0 45 5
0 0 0 0 0 0 0 0 0 0 0 45 5
0 0 0 0 0 0 0 0 0 0 0 45 5
0 0 0 0 0 0 0 0 0 0 0 45 5
0 0 0 0 0 0 0 0 0 0 0 45 5
0 0 0 0 0 0 0 0 0 0 0 45 5
0 0 0 0 0 0 0 0 0 0 0 45 5
0 0 0 0 0 0 0 0 0 0 0 45 5
0 0 0 0 0 0 0 0 0 0 0 45 5
0 0 0 0 0 0 0 0 0 0 0 45 5
0 0 0 0 0 0 0 0 0 0 0 45 5
0 0 0 0 0 0 0 0 0 0 0 45 5
0 0 0 0 0 0 0 0 0 0 0 45 5
0 0 0 0 0 0 0 0 0 0 0 45 5
0 0 0 0 0 0 0 0 0 0 0 45 5
0 0 0 0 0 0 0 0 0 0 0 45 5
0 0 0 0 0 0 0 0 0 0 0 45 5
0 0 0 0 0 0 0 0 0 0 0 45 5
0 0 0 0 0 0 0 0 0 0 0 45 5
0 0 0 0 0 0 0 0 0 0 0 45 5
0 0 0 0 0 0 0 0 0 0 0 45 5
0 0 0 0 0 0 0 0 0 0 0 45 5
0 0 0 0 0 0 0 0 0 0 0 45 5
0 0 0 0 0 0 0 0 0 0 0 45 5
0 0 0 0 0 0 0 0 0 0 0 45 6
0 0 0 0 0 0 0 0 0 0 0 45 6
0 0 0 0 0 0 0 0 0 0 0 45 6
0 0 0 0 0 0 0 0 0 0 0 45 6
0 0 0 0 0 0 0 0 0 0 0 45 6
0 0 0 0 0 0 0 0 0 0 0 45 6
0 0 0 0 0 0 0 0 0 0 0 45 6
0 0 0 0 0 0 0 0 0 0 0 45 6
0 0 0 0 0 0 0 0 0 0 0 45 6
0 0 0 0 0 0 0 0 0 0 0 45 6
0 0 0 0 0 0 0 0 0 0 0 45 6
0 0 0 0 0 0 0 0 0 0 0 45 6
0 0 0 0 0 0 0 0 0 0 0 45 6
0 0 0 0 0 0 0 0 0 0 0 45 6
0 0 0 0 0 0 0 0 0 0 0 45 6
0 0 0 0 0 0 0 0 0 0 0 45 6
0 0 0 0 0 0 0 0 0 0 0 45 6
0 0 0 0 0 0 0 0 0 0 0 45 6
0 0 0 0 0 0 0 0 0 0 0 45 6
0 0 0 0 0 0 0 0 0 0 0 45 6
0 0 0 0 0 0 0 0 0 0 0 45 6
0 0 0 0 0 0 0 0 0 0 0 45 6
0 0 0 0 0 0 0 0 0 0 0 45 6
0 0 0 0 0 0 0 0 0 0 0 45 6
0 0 0 0 0 0 0 0 0 0 0 45 6
0 0 0 0 0 0 0 0 0 0 0 45 6
0 0 0 0 0 0 0 0 0 0 0 45 7
0 0 0 0 0 0 0 0 0 0 0 45 7
0 0 0 0 0 0 0 0 0 0 0 45 7
0 0 0 0 0 0 0 0 0 0 0 45 7
0 0 0 0 0 0 0 0 0 0 0 45 7
0 0 0 0 0 0 0 0 0 0 0 45 7
0 0 0 0 0 0 0 0 0 0 0 45 7
0 0 0 0 0 0 0 0 0 0 0 45 7
0 0 0 0 0 0 0 0 0 0 0 45 7
0 0 0 0 0 0 0 0 0 0 0 45 7
0 0 0 0 0 0 0 0 0 0 0 45 7
0 0 0 0 0 0 0 0 0 0 0 45 7
0 0 0 0 0 0 0 0 0 0 0 45 7
0 0 0 0 0 0 0 0 0 0 0 45 7
0 0 0 0 0 0 0 0 0 0 0 45 7
0 0 0 0 0 0 0 0 0 0 0 45 7
0 0 0 0 0 0 0 0 0 0 0 45 7
0 0 0 0 0 0 0 0 0 0 0 45 7
0 0 0 0 0 0 0 0 0 0 0 45 7
0 0 0 0 0 0 0 0 0 0 0 45 7
0 0 0 0 0 0 0 0 0 0 0 45 7
0 0 0 0 0 0 0 0 0 0 0 45 7
0 0 0 0 0 0 0 0 0 0 0 45 7
0 0 0 0 0 0 0 0 0 0 0 45 7
0 0 0 0 0 0 0 0 0 0 0 45 7
0 0 0 0 0 0 0 0 0 0 0 45 8
0 0 0 0 0 0 0 0 0 0 0 45 8
0 0 0 0 0 0 0 0 0 0 0 45 8
0 0 0 0 0 0 0 0 0 0 0 45 8
0 0 0 0 0 0 0 0 0 0 0 45 8
0 0 0 0 0 0 0 0 0 0 0 45 8
0 0 0 0 0 0 0 0 0 0 0 45 8
0 0 0 0 0 0 0 0 0 0 0 45 8
0 0 0 0 0 0 0 0 0 0 0 45 8
0 0 0 0 0 0 0 0 0 0 0 45 8
0 0 0 0 0 0 0 0 0 0 0 45 8
0 0 0 0 0 0 0 0 0 0 0 45 8
0 0 0 0 0 0 0 0 0 0 0 45 8
0 0 0 0 0 0 0 0 0 0 0 45 8
0 0 0 0 0 0 0 0 0 0 0 45 8
0 0 0 0 0 0 0 0 0 0 0 45 8
0 0 0 0 0 0 0 0 0 0 0 45 8
0 0 0 0 0 0 0 0 0 0 0 45 8
0 0 0 0 0 0 0 0 0 0 0 45 8
0 0 0 0 0 0 0 0 0 0 0 45 8
0 0 0 0 0 0 0 0 0 0 0 45 8
0 0 0 0 0 0 0 0 0 0 0 45 8
0 0 0 0 0 0 0 0 0 0 0 45 8
0 0 0 0 0 0 0 0 0 0 0 45 8
0 0 0 0 0 0 0 0 0 0 0 45 8
0 0 0 0 0 0 0 0 0 0 0 45 8
0 0 0 0 0 0 0 0 0 0 0 45 9
0 0 0 0 0 0 0 0 0 0 0 45 9
0 0 0 0 0 0 0 0 0 0 0 45 9
0 0 0 0 0 0 0 0 0 0 0 45 9
0 0 0 0 0 0 0 0 0 0 0 45 9
0 0 0 0 0 0 0 0 0 0 0 45 9
0 0 0 0 0 0 0 0 0 0 0 45 9
0 0 0 0 0 0 0 0 0 0 0 45 9
0 0 0 0 0 0 0 0 0 0 0 45 9
0 0 0 0 0 0 0 0 0 0 0 45 9
0 0 0 0 0 0 0 0 0 0 0 45 9
0 0 0 0 0 0 0 0 0 0 0 45 9
0 0 0 0 0 0 0 0 0 0 0 45 9
0 0 0 0 0 0 0 0 0 0 0 45 9
0 0 0 0 0 0 0 0 0 0 0 45 9
0 0 0 0 0 0 0 0 0 0 0 45 9
0 0 0 0 0 0 0 0 0 0 0 45 9
0 0 0 0 0 0 0 0 0 0 0 45 9
0 0 0 0 0 0 0 0 0 0 0 45 9
0 0 0 0 0 0 0 0 0 0 0 45 9
0 0 0 0 0 0 0 0 0 0 0 45 9
0 0 0 0 0 0 0 0 0 0 0 45 9
0 0 0 0 0 0 0 0 0 0 0 45 9
0 0 0 0 0 0 0 0 0 0 0 45 10
0 0 0 0 0 0 0 0 0 0 0 45 10
0 0 0 0 0 0 0 0 0 0 0 45 10
0 0 0 0 0 0 0 0 0 0 0 45 10
0 0 0 0 0 0 0 0 0 0 0 45 21
0 0 0 0 0 0 0 0 0 0 0 45 21
0 0 0 0 0 0 0 0 0 0 0 45 21
0 0 0 0 0 0 0 0 0 0 0 45 21
0 0 0 0 0 0 0 0 0 0 0 45 21
0 0 0 0 0 0 0 0 0 0 0 45 21
0 0 0 0 0 0 0 0 0 0 0 45 21
0 0 0 0 0 0 0 0 0 0 0 45 22
0 0 0 0 0 0 0 0 0 0 0 45 22
0 0 0 0 0 0 0 0 0 0 0 45 22
0 0 0 0 0 0 0 0 0 0 0 45 22
0 0 0 0 0 0 0 0 0 0 0 45 22
0 0 0 0 0 0 0 0 0 0 0 45 22
0 0 0 0 0 0 0 0 0 0 0 45 22
0 0 0 0 0 0 0 0 0 0 0 45 22
0 0 0 0 0 0 0 0 0 0 0 45 22
0 0 0 0 0 0 0 0 0 0 0 45 22
0 0 0 0 0 0 0 0 0 0 0 45 22
0 0 0 0 0 0 0 0 0 0 0 45 22
0 0 0 0 0 0 0 0 0 0 0 45 22
0 0 0 0 0 0 0 0 0 0 0 45 22
0 0 0 0 0 0 0 0 0 0 0 45 22
0 0 0 0 0 0 0 0 0 0 0 45 22
0 0 0 0 0 0 0 0 0 0 0 45 22
0 0 0 0 0 0 0 0 0 0 0 45 22
0 0 0 0 0 0 0 0 0 0 0 45 22
0 0 0 0 0 0 0 0 0 0 0 45 22
0 0 0 0 0 0 0 0 0 0 0 45 22
0 0 0 0 0 0 0 0 0 0 0 45 22
0 0 0 0 0 0 0 0 0 0 0 45 23
0 0 0 0 0 0 0 0 0 0 0 45 23
0 0 0 0 0 0 0 0 0 0 0 45 23
0 0 0 0 0 0 0 0 0 0 0 45 23
0 0 0 0 0 0 0 0 0 0 0 45 23
0 0 0 0 0 0 0 0 0 0 0 45 23
0 0 0 0 0 0 0 0 0 0 0 45 23
0 0 0 0 0 0 0 0 0 0 0 45 23
0 0 0 0 0 0 0 0 0 0 0 45 23
0 0 0 0 0 0 0 0 0 0 0 45 23
0 0 0 0 0 0 0 0 0 0 0 45 23
0 0 0 0 0 0 0 0 0 0 0 45 23
0 0 0 0 0 0 0 0 0 0 0 45 23
0 0 0 0 0 0 0 0 0 0 0 45 23
0 0 0 0 0 0 0 0 0 0 0 45 23
0 0 0 0 0 0 0 0 0 0 0 45 23
0 0 0 0 0 0 0 0 0 0 0 45 23
0 0 0 0 0 0 0 0 0 0 0 45 23
0 0 0 0 0 0 0 0 0 0 0 45 23
0 0 0 0 0 0 0 0 0 0 0 45 23
0 0 0 0 0 0 0 0 0 0 0 45 23
0 0 0 0 0 0 0 0 0 0 0 45 23
0 0 0 0 0 0 0 0 0 0 0 45 23
0 0 0 0 0 0 0 0 0 0 0 45 23
0 0 0 0 0 0 0 0 0 0 0 45 23
0 0 0 0 0 0 0 0 0 0 0 45 23
0 0 0 0 0 0 0 0 0 0 0 45 24
0 0 0 0 0 0 0 0 0 0 0 45 24
0 0 0 0 0 0 0 0 0 0 0 45 24
0 0 0 0 0 0 0 0 0 0 0 45 24
0 0 0 0 0 0 0 0 0 0 0 45 24
0 0 0 0 0 0 0 0 0 0 0 45 24
0 0 0 0 0 0 0 0 0 0 0 45 24
0 0 0 0 0 0 0 0 0 0 0 45 24
0 0 0 0 0 0 0 0 0 0 0 45 24
0 0 0 0 0 0 0 0 0 0 0 45 24
0 0 0 0 0 0 0 0 0 0 0 45 24
0 0 0 0 0 0 0 0 0 0 0 45 24
0 0 0 0 0 0 0 0 0 0 0 45 24
0 0 0 0 0 0 0 0 0 0 0 45 24
0 0 0 0 0 0 0 0 0 0 0 45 24
0 0 0 0 0 0 0 0 0 0 0 45 24
0 0 0 0 0 0 0 0 0 0 0 45 24
0 0 0 0 0 0 0 0 0 0 0 45 24
0 0 0 0 0 0 0 0 0 0 0 45 24
0 0 0 0 0 0 0 0 0 0 0 45 24
0 0 0 0 0 0 0 0 0 0 0 45 24
0 0 0 0 0 0 0 0 0 0 0 45 24
0 0 0 0 0 0 0 0 0 0 0 45 24
0 0 0 0 0 0 0 0 0 0 0 45 24
0 0 0 0 0 0 0 0 0 0 0 45 25
0 0 0 0 0 0 0 0 0 0 0 45 25
0 0 0 0 0 0 0 0 0 0 0 45 25
0 0 0 0 0 0 0 0 0 0 0 45 25
0 0 0 0 0 0 0 0 0 0 0 45 25
0 0 0 0 0 0 0 0 0 0 0 45 25
0 0 0 0 0 0 0 0 0 0 0 45 25
0 0 0 0 0 0 0 0 0 0 0 45 25
0 0 0 0 0 0 0 0 0 0 0 45 25
0 0 0 0 0 0 0 0 0 0 0 45 25
0 0 0 0 0 0 0 0 0 0 0 45 25
0 0 0 0 0 0 0 0 0 0 0 45 25
0 0 0 0 0 0 0 0 0 0 0 45 25
0 0 0 0 0 0 0 0 0 0 0 45 25
0 0 0 0 0 0 0 0 0 0 0 45 25
0 0 0 0 0 0 0 0 0 0 0 45 25
0 0 0 0 0 0 0 0 0 0 0 45 25
0 0 0 0 0 0 0 0 0 0 0 45 25
0 0 0 0 0 0 0 0 0 0 0 45 25
0 0 0 0 0 0 0 0 0 0 0 45 25
0 0 0 0 0 0 0 0 0 0 0 45 25
0 0 0 0 0 0 0 0 0 0 0 45 25
0 0 0 0 0 0 0 0 0 0 0 45 25
0 0 0 0 0 0 0 0 0 0 0 45 25
0 0 0 0 0 0 0 0 0 0 0 45 25
0 0 0 0 0 0 0 0 0 0 0 45 26
0 0 0 0 0 0 0 0 0 0 0 45 26
0 0 0 0 0 0 0 0 0 0 0 45 26
0 0 0 0 0 0 0 0 0 0 0 45 26
0 0 0 0 0 0 0 0 0 0 0 45 26
0 0 0 0 0 0 0 0 0 0 0 45 26
0 0 0 0 0 0 0 0 0 0 0 45 26
0 0 0 0 0 0 0 0 0 0 0 45 26
0 0 0 0 0 0 0 0 0 0 0 45 26
0 0 0 0 0 0 0 0 0 0 0 45 26
0 0 0 0 0 0 0 0 0 0 0 45 26
0 0 0 0 0 0 0 0 0 0 0 45 26
0 0 0 0 0 0 0 0 0 0 0 45 26
0 0 0 0 0 0 0 0 0 0 0 45 26
0 0 0 0 0 0 0 0 0 0 0 45 26
0 0 0 0 0 0 0 0 0 0 0 45 26
0 0 0 0 0 0 0 0 0 0 0 45 26
0 0 0 0 0 0 0 0 0 0 0 45 26
0 0 0 0 0 0 0 0 0 0 0 45 26
0 0 0 0 0 0 0 0 0 0 0 45 26
0 0 0 0 0 0 0 0 0 0 0 45 26
0 0 0 0 0 0 0 0 0 0 0 45 26
0 0 0 0 0 0 0 0 0 0 0 45 26
0 0 0 0 0 0 0 0 0 0 0 45 26
0 0 0 0 0 0 0 0 0 0 0 45 26
0 0 0 0 0 0 0 0 0 0 0 45 27
0 0 0 0 0 0 0 0 0 0 0 45 27
0 0 0 0 0 0 0 0 0 0 0 45 27
0 0 0 0 0 0 0 0 0 0 0 45 27
0 0 0 0 0 0 0 0 0 0 0 45 27
0 0 0 0 0 0 0 0 0 0 0 45 27
0 0 0 0 0 0 0 0 0 0 0 45 27
0 0 0 0 0 0 0 0 0 0 0 45 27
0 0 0 0 0 0 0 0 0 0 0 45 27
0 0 0 0 0 0 0 0 0 0 0 45 27
0 0 0 0 0 0 0 0 0 0 0 45 27
0 0 0 0 0 0 0 0 0 0 0 45 27
0 0 0 0 0 0 0 0 0 0 0 45 27
0 0 0 0 0 0 0 0 0 0 0 45 27
0 0 0 0 0 0 0 0 0 0 0 45 27
0 0 0 0 0 0 0 0 0 0 0 45 27
0 0 0 0 0 0 0 0 0 0 0 45 27
0 0 0 0 0 0 0 0 0 0 0 45 27
0 0 0 0 0 0 0 0 0 0 0 45 27
0 0 0 0 0 0 0 0 0 0 0 45 27
0 0 0 0 0 0 0 0 0 0 0 45 27
0 0 0 0 0 0 0 0 0 0 0 45 27
0 0 0 0 0 0 0 0 0 0 0 45 27
0 0 0 0 0 0 0 0 0 0 0 45 27
0 0 0 0 0 0 0 0 0 0 0 45 28
0 0 0 0 0 0 0 0 0 0 0 45 28
0 0 0 0 0 0 0 0 0 0 0 45 28
0 0 0 0 0 0 0 0 0 0 0 45 28
0 0 0 0 0 0 0 0 0 0 0 45 28
0 0 0 0 0 0 0 0 0 0 0 45 28
0 0 0 0 0 0 0 0 0 0 0 45 28
0 0 0 0 0 0 0 0 0 0 0 45 28
0 0 0 0 0 0 0 0 0 0 0 45 28
0 0 0 0 0 0 0 0 0 0 0 45 28
0 0 0 0 0 0 0 0 0 0 0 45 28
0 0 0 0 0 0 0 0 0 0 0 45 28
0 0 0 0 0 0 0 0 0 0 0 45 28
0 0 0 0 0 0 0 0 0 0 0 45 28
0 0 0 0 0 0 0 0 0 0 0 45 28
0 0 0 0 0 0 0 0 0 0 0 45 28
0 0 0 0 0 0 0 0 0 0 0 45 28
0 0 0 0 0 0 0 0 0 0 0 45 28
0 0 0 0 0 0 0 0 0 0 0 45 28
0 0 0 0 0 0 0 0 0 0 0 45 28
0 0 0 0 0 0 0 0 0 0 0 45 28
0 0 0 0 0 0 0 0 0 0 0 45 28
0 0 0 0 0 0 0 0 0 0 0 45 28
0 0 0 0 0 0 0 0 0 0 0 45 29
0 0 0 0 0 0 0 0 0 0 0 45 29
0 0 0 0 0 0 0 0 0 0 0 45 29
0 0 0 0 0 0 0 0 0 0 0 45 29
0 0 0 0 0 0 0 0 0 0 0 45 29
0 0 0 0 0 0 0 0 0 0 0 45 29
0 0 0 0 0 0 0 0 0 0 0 45 29
0 0 0 0 0 0 0 0 0 0 0 45 29
0 0 0 0 0 0 0 0 0 0 0 45 29
0 0 0 0 0 0 0 0 0 0 0 45 29
0 0 0 0 0 0 0 0 0 0 0 45 29
0 0 0 0 0 0 0 0 0 0 0 45 29
0 0 0 0 0 0 0 0 0 0 0 45 29
0 0 0 0 0 0 0 0 0 0 0 45 29
0 0 0 0 0 0 0 0 0 0 0 45 29
0 0 0 0 0 0 0 0 0 0 0 45 29
0 0 0 0 0 0 0 0 0 0 0 45 29
0 0 0 0 0 0 0 0 0 0 0 45 29
0 0 0 0 0 0 0 0 0 0 0 45 29
0 0 0 0 0 0 0 0 0 0 0 45 29
0 0 0 0 0 0 0 0 0 0 0 45 29
0 0 0 0 0 0 0 0 0 0 0 45 29
0 0 0 0 0 0 0 0 0 0 0 45 30
0 0 0 0 0 0 0 0 0 0 0 45 30
0 0 0 0 0 0 0 0 0 0 0 45 30
0 0 0 0 0 0 0 0 0 0 0 45 30
0 0 0 0 0 0 0 0 0 0 0 45 30
0 0 0 0 0 0 0 0 0 0 0 45 30
0 0 0 0 0 0 0 0 0 0 0 45 30
0 0 0 0 0 0 0 0 0 0 0 45 30
0 0 0 0 0 0 0 0 0 0 0 45 30
0 0 0 0 0 0 0 0 0 0 0 45 30
0 0 0 0 0 0 0 0 0 0 0 45 30
0 0 0 0 0 0 0 0 0 0 0 45 30
0 0 0 0 0 0 0 0 0 0 0 45 30
0 0 0 0 0 0 0 0 0 0 0 45 30
0 0 0 0 0 0 0 0 0 0 0 45 30
0 0 0 0 0 0 0 0 0 0 0 45 30
0 0 0 0 0 0 0 0 0 0 0 45 30
0 0 0 0 0 0 0 0 0 0 0 45 30
0 0 0 0 0 0 0 0 0 0 0 45 30
0 0 0 0 0 0 0 0 0 0 0 45 30
0 0 0 0 0 0 0 0 0 0 0 45 30
0 0 0 0 0 0 0 0 0 0 0 45 30
0 0 0 0 0 0 0 0 0 0 0 45 30
0 0 0 0 0 0 0 0 0 0 0 45 30
0 0 0 0 0 0 0 0 0 0 0 45 31
0 0 0 0 0 0 0 0 0 0 0 45 31
0 0 0 0 0 0 0 0 0 0 0 45 31
0 0 0 0 0 0 0 0 0 0 0 45 31
0 0 0 0 0 0 0 0 0 0 0 45 31
0 0 0 0 0 0 0 0 0 0 0 45 31
0 0 0 0 0 0 0 0 0 0 0 45 31
0 0 0 0 0 0 0 0 0 0 0 45 31
0 0 0 0 0 0 0 0 0 0 0 45 31
0 0 0 0 0 0 0 0 0 0 0 45 31
0 0 0 0 0 0 0 0 0 0 0 45 31
0 0 0 0 0 0 0 0 0 0 0 45 31
0 0 0 0 0 0 0 0 0 0 0 45 31
0 0 0 0 0 0 0 0 0 0 0 45 31
0 0 0 0 0 0 0 0 0 0 0 45 31
0 0 0 0 0 0 0 0 0 0 0 45 31
0 0 0 0 0 0 0 0 0 0 0 45 31
0 0 0 0 0 0 0 0 0 0 0 45 31
0 0 0 0 0 0 0 0 0 0 0 45 31
0 0 0 0 0 0 0 0 0 0 0 45 31
0 0 0 0 0 0 0 0 0 0 0 45 31
0 0 0 0 0 0 0 0 0 0 0 45 31
0 0 0 0 0 0 0 0 0 0 0 45 31
0 0 0 0 0 0 0 0 0 0 0 45 31
0 0 0 0 0 0 0 0 0 0 0 45 31
0 0 0 0 0 0 0 0 0 0 0 45 32
0 0 0 0 0 0 0 0 0 0 0 45 32
0 0 0 0 0 0 0 0 0 0 0 45 32
0 0 0 0 0 0 0 0 0 0 0 45 32
0 0 0 0 0 0 0 0 0 0 0 45 32
0 0 0 0 0 0 0 0 0 0 0 45 32
0 0 0 0 0 0 0 0 0 0 0 45 32
0 0 0 0 0 0 0 0 0 0 0 45 32
0 0 0 0 0 0 0 0 0 0 0 45 32
0 0 0 0 0 0 0 0 0 0 0 45 32
0 0 0 0 0 0 0 0 0 0 0 45 32
0 0 0 0 0 0 0 0 0 0 0 45 32
0 0 0 0 0 0 0 0 0 0 0 45 32
0 0 0 0 0 0 0 0 0 0 0 45 32
0 0 0 0 0 0 0 0 0 0 0 45 32
0 0 0 0 0 0 0 0 0 0 0 45 32
0 0 0 0 0 0 0 0 0 0 0 45 32
0 0 0 0 0 0 0 0 0 0 0 45 32
0 0 0 0 0 0 0 0 0 0 0 45 32
0 0 0 0 0 0 0 0 0 0 0 45 32
0 0 0 0 0 0 0 0 0 0 0 45 32
0 0 0 0 0 0 0 0 0 0 0 45 32
0 0 0 0 0 0 0 0 0 0 0 45 32
0 0 0 0 0 0 0 0 0 0 0 45 33
0 0 0 0 0 0 0 0 0 0 0 45 33
0 0 0 0 0 0 0 0 0 0 0 45 33
0 0 0 0 0 0 0 0 0 0 0 45 33
0 0 0 0 0 0 0 0 0 0 0 45 33
0 0 0 0 0 0 0 0 0 0 0 45 33
0 0 0 0 0 0 0 0 0 0 0 45 33
0 0 0 0 0 0 0 0 0 0 0 45 33
0 0 0 0 0 0 0 0 0 0 0 45 33
0 0 0 0 0 0 0 0 0 0 0 45 33
0 0 0 0 0 0 0 0 0 0 0 45 33
0 0 0 0 0 0 0 0 0 0 0 45 33
0 0 0 0 0 0 0 0 0 0 0 45 33
0 0 0 0 0 0 0 0 0 0 0 45 33
0 0 0 0 0 0 0 0 0 0 0 45 33
0 0 0 0 0 0 0 0 0 0 0 45 33
0 0 0 0 0 0 0 0 0 0 0 45 33
0 0 0 0 0 0 0 0 0 0 0 45 33
0 0 0 0 0 0 0 0 0 0 0 45 33
0 0 0 0 0 0 0 0 0 0 0 45 33
0 0 0 0 0 0 0 0 0 0 0 45 33
0 0 0 0 0 0 0 0 0 0 0 45 33
0 0 0 0 0 0 0 0 0 0 0 45 33
0 0 0 0 0 0 0 0 0 0 0 45 33
0 0 0 0 0 0 0 0 0 0 0 45 33
0 0 0 0 0 0 0 0 0 0 0 45 34
0 0 0 0 0 0 0 0 0 0 0 45 34
0 0 0 0 0 0 0 0 0 0 0 45 34
0 0 0 0 0 0 0 0 0 0 0 45 34
0 0 0 0 0 0 0 0 0 0 0 45 34
0 0 0 0 0 0 0 0 0 0 0 45 34
0 0 0 0 0 0 0 0 0 0 0 45 34
0 0 0 0 0 0 0 0 0 0 0 45 34
0 0 0 0 0 0 0 0 0 0 0 45 34
0 0 0 0 0 0 0 0 0 0 0 45 34
0 0 0 0 0 0 0 0 0 0 0 45 34
0 0 0 0 0 0 0 0 0 0 0 45 34
0 0 0 0 0 0 0 0 0 0 0 45 34
0 0 0 0 0 0 0 0 0 0 0 45 34
0 0 0 0 0 0 0 0 0 0 0 45 34
0 0 0 0 0 0 0 0 0 0 0 45 34
0 0 0 0 0 0 0 0 0 0 0 45 34
0 0 0 0 0 0 0 0 0 0 0 45 34
0 0 0 0 0 0 0 0 0 0 0 45 34
0 0 0 0 0 0 0 0 0 0 0 45 34
0 0 0 0 0 0 0 0 0 0 0 45 34
0 0 0 0 0 0 0 0 0 0 0 45 34
0 0 0 0 0 0 0 0 0 0 0 45 34
0 0 0 0 0 0 0 0 0 0 0 45 34
0 0 0 0 0 0 0 0 0 0 0 45 34
0 0 0 0 0 0 0 0 0 0 0 45 35
0 0 0 0 0 0 0 0 0 0 0 45 35
0 0 0 0 0 0 0 0 0 0 0 45 35
0 0 0 0 0 0 0 0 0 0 0 45 35
0 0 0 0 0 0 0 0 0 0 0 45 35
0 0 0 0 0 0 0 0 0 0 0 45 35
0 0 0 0 0 0 0 0 0 0 0 45 35
0 0 0 0 0 0 0 0 0 0 0 45 35
0 0 0 0 0 0 0 0 0 0 0 45 35
0 0 0 0 0 0 0 0 0 0 0 45 35
0 0 0 0 0 0 0 0 0 0 0 45 35
0 0 0 0 0 0 0 0 0 0 0 45 35
0 0 0 0 0 0 0 0 0 0 0 45 35
0 0 0 0 0 0 0 0 0 0 0 45 35
0 0 0 0 0 0 0 0 0 0 0 45 35
0 0 0 0 0 0 0 0 0 0 0 45 35
0 0 0 0 0 0 0 0 0 0 0 45 35
0 0 0 0 0 0 0 0 0 0 0 45 35
0 0 0 0 0 0 0 0 0 0 0 45 35
0 0 0 0 0 0 0 0 0 0 0 45 35
0 0 0 0 0 0 0 0 0 0 0 45 36
0 0 0 0 0 0 0 0 0 0 0 45 36
0 0 0 0 0 0 0 0 0 0 0 45 36
0 0 0 0 0 0 0 0 0 0 0 45 36
0 0 0 0 0 0 0 0 0 0 0 45 36
0 0 0 0 0 0 0 0 0 0 0 45 36
0 0 0 0 0 0 0 0 0 0 0 45 36
0 0 0 0 0 0 0 0 0 0 0 45 36
0 0 0 0 0 0 0 0 0 0 0 45 36
0 0 0 0 0 0 0 0 0 0 0 45 36
0 0 0 0 0 0 0 0 0 0 0 45 36
0 0 0 0 0 0 0 0 0 0 0 45 36
0 0 0 0 0 0 0 0 0 0 0 45 36
0 0 0 0 0 0 0 0 0 0 0 45 36
0 0 0 0 0 0 0 0 0 0 0 45 36
0 0 0 0 0 0 0 0 0 0 0 45 36
0 0 0 0 0 0 0 0 0 0 0 45 36
0 0 0 0 0 0 0 0 0 0 0 45 36
0 0 0 0 0 0 0 0 0 0 0 45 36
0 0 0 0 0 0 0 0 0 0 0 45 36
0 0 0 0 0 0 0 0 0 0 0 45 36
0 0 0 0 0 0 0 0 0 0 0 45 37
0 0 0 0 0 0 0 0 0 0 0 45 37
0 0 0 0 0 0 0 0 0 0 0 45 37
0 0 0 0 0 0 0 0 0 0 0 45 37
0 0 0 0 0 0 0 0 0 0 0 45 37
0 0 0 0 0 0 0 0 0 0 0 45 37
0 0 0 0 0 0 0 0 0 0 0 45 37
0 0 0 0 0 0 0 0 0 0 0 45 37
0 0 0 0 0 0 0 0 0 0 0 45 37
0 0 0 0 0 0 0 0 0 0 0 45 37
0 0 0 0 0 0 0 0 0 0 0 45 37
0 0 0 0 0 0 0 0 0 0 0 45 37
0 0 0 0 0 0 0 0 0 0 0 45 37
0 0 0 0 0 0 0 0 0 0 0 45 37
0 0 0 0 0 0 0 0 0 0 0 45 37
0 0 0 0 0 0 0 0 0 0 0 45 37
0 0 0 0 0 0 0 0 0 0 0 45 37
0 0 0 0 0 0 0 0 0 0 0 45 37
0 0 0 0 0 0 0 0 0 0 0 45 37
0 0 0 0 0 0 0 0 0 0 0 45 37
0 0 0 0 0 0 0 0 0 0 0 45 37
0 0 0 0 0 0 0 0 0 0 0 45 37
0 0 0 0 0 0 0 0 0 0 0 45 38
0 0 0 0 0 0 0 0 0 0 0 45 38
0 0 0 0 0 0 0 0 0 0 0 45 38
0 0 0 0 0 0 0 0 0 0 0 45 38
0 0 0 0 0 0 0 0 0 0 0 45 38
0 0 0 0 0 0 0 0 0 0 0 45 38
0 0 0 0 0 0 0 0 0 0 0 45 38
0 0 0 0 0 0 0 0 0 0 0 45 38
0 0 0 0 0 0 0 0 0 0 0 45 38
0 0 0 0 0 0 0 0 0 0 0 45 38
0 0 0 0 0 0 0 0 0 0 0 45 38
0 0 0 0 0 0 0 0 0 0 0 45 38
0 0 0 0 0 0 0 0 0 0 0 45 38
0 0 0 0 0 0 0 0 0 0 0 45 38
0 0 0 0 0 0 0 0 0 0 0 45 38
0 0 0 0 0 0 0 0 0 0 0 45 38
0 0 0 0 0 0 0 0 0 0 0 45 38
0 0 0 0 0 0 0 0 0 0 0 45 38
0 0 0 0 0 0 0 0 0 0 0 45 38
0 0 0 0 0 0 0 0 0 0 0 45 38
0 0 0 0 0 0 0 0 0 0 0 45 38
0 0 0 0 0 0 0 0 0 0 0 45 38
0 0 0 0 0 0 0 0 0 0 0 45 38
0 0 0 0 0 0 0 0 0 0 0 45 38
0 0 0 0 0 0 0 0 0 0 0 45 38
0 0 0 0 0 0 0 0 0 0 0 45 39
0 0 0 0 0 0 0 0 0 0 0 45 39
0 0 0 0 0 0 0 0 0 0 0 45 39
0 0 0 0 0 0 0 0 0 0 0 45 39
0 0 0 0 0 0 0 0 0 0 0 45 39
0 0 0 0 0 0 0 0 0 0 0 45 39
0 0 0 0 0 0 0 0 0 0 0 45 39
0 0 0 0 0 0 0 0 0 0 0 45 39
0 0 0 0 0 0 0 0 0 0 0 45 39
0 0 0 0 0 0 0 0 0 0 0 45 39
0 0 0 0 0 0 0 0 0 0 0 45 39
0 0 0 0 0 0 0 0 0 0 0 45 39
0 0 0 0 0 0 0 0 0 0 0 45 39
0 0 0 0 0 0 0 0 0 0 0 45 39
0 0 0 0 0 0 0 0 0 0 0 45 39
0 0 0 0 0 0 0 0 0 0 0 45 39
0 0 0 0 0 0 0 0 0 0 0 45 39
0 0 0 0 0 0 0 0 0 0 0 45 39
0 0 0 0 0 0 0 0 0 0 0 45 39
0 0 0 0 0 0 0 0 0 0 0 45 39
0 0 0 0 0 0 0 0 0 0 0 45 39
0 0 0 0 0 0 0 0 0 0 0 45 39
0 0 0 0 0 0 0 0 0 0 0 45 39
0 0 0 0 0 0 0 0 0 0 0 45 39
0 0 0 0 0 0 0 0 0 0 0 45 40
0 0 0 0 0 0 0 0 0 0 0 45 40
0 0 0 0 0 0 0 0 0 0 0 45 40
0 0 0 0 0 0 0 0 0 0 0 45 40
0 0 0 0 0 0 0 0 0 0 0 45 40
0 0 0 0 0 0 0 0 0 0 0 45 40
0 0 0 0 0 0 0 0 0 0 0 45 40
0 0 0 0 0 0 0 0 0 0 0 45 40
0 0 0 0 0 0 0 0 0 0 0 45 40
0 0 0 0 0 0 0 0 0 0 0 45 40
0 0 0 0 0 0 0 0 0 0 0 45 40
0 0 0 0 0 0 0 0 0 0 0 45 40
0 0 0 0 0 0 0 0 0 0 0 45 40
0 0 0 0 0 0 0 0 0 0 0 45 40
0 0 0 0 0 0 0 0 0 0 0 45 40
0 0 0 0 0 0 0 0 0 0 0 45 40
0 0 0 0 0 0 0 0 0 0 0 45 40
0 0 0 0 0 0 0 0 0 0 0 45 40
0 0 0 0 0 0 0 0 0 0 0 45 40
0 0 0 0 0 0 0 0 0 0 0 45 40
0 0 0 0 0 0 0 0 0 0 0 45 40
0 0 0 0 0 0 0 0 0 0 0 45 40
0 0 0 0 0 0 0 0 0 0 0 45 40
0 0 0 0 0 0 0 0 0 0 0 45 40
0 0 0 0 0 0 0 0 0 0 0 45 40
0 0 0 0 0 0 0 0 0 0 0 45 40
0 0 0 0 0 0 0 0 0 0 0 45 41
0 0 0 0 0 0 0 0 0 0 0 45 41
0 0 0 0 0 0 0 0 0 0 0 45 41
0 0 0 0 0 0 0 0 0 0 0 45 41
0 0 0 0 0 0 0 0 0 0 0 45 41
0 0 0 0 0 0 0 0 0 0 0 45 41
0 0 0 0 0 0 0 0 0 0 0 45 41
0 0 0 0 0 0 0 0 0 0 0 45 41
0 0 0 0 0 0 0 0 0 0 0 45 41
0 0 0 0 0 0 0 0 0 0 0 45 41
0 0 0 0 0 0 0 0 0 0 0 45 41
0 0 0 0 0 0 0 0 0 0 0 45 41
0 0 0 0 0 0 0 0 0 0 0 45 41
0 0 0 0 0 0 0 0 0 0 0 45 41
0 0 0 0 0 0 0 0 0 0 0 45 41
0 0 0 0 0 0 0 0 0 0 0 45 41
0 0 0 0 0 0 0 0 0 0 0 45 41
0 0 0 0 0 0 0 0 0 0 0 45 41
0 0 0 0 0 0 0 0 0 0 0 45 41
0 0 0 0 0 0 0 0 0 0 0 45 41
0 0 0 0 0 0 0 0 0 0 0 45 41
0 0 0 0 0 0 0 0 0 0 0 45 41
0 0 0 0 0 0 0 0 0 0 0 45 41
0 0 0 0 0 0 0 0 0 0 0 45 41
0 0 0 0 0 0 0 0 0 0 0 45 41
0 0 0 0 0 0 0 0 0 0 0 45 41
0 0 0 0 0 0 0 0 0 0 0 45 42
0 0 0 0 0 0 0 0 0 0 0 45 42
0 0 0 0 0 0 0 0 0 0 0 45 42
0 0 0 0 0 0 0 0 0 0 0 45 42
0 0 0 0 0 0 0 0 0 0 0 45 42
0 0 0 0 0 0 0 0 0 0 0 45 42
0 0 0 0 0 0 0 0 0 0 0 45 42
0 0 0 0 0 0 0 0 0 0 0 45 42
0 0 0 0 0 0 0 0 0 0 0 45 42
0 0 0 0 0 0 0 0 0 0 0 45 42
0 0 0 0 0 0 0 0 0 0 0 45 42
0 0 0 0 0 0 0 0 0 0 0 45 42
0 0 0 0 0 0 0 0 0 0 0 45 42
0 0 0 0 0 0 0 0 0 0 0 45 42
0 0 0 0 0 0 0 0 0 0 0 45 42
0 0 0 0 0 0 0 0 0 0 0 45 42
0 0 0 0 0 0 0 0 0 0 0 45 42
0 0 0 0 0 0 0 0 0 0 0 45 42
0 0 0 0 0 0 0 0 0 0 0 45 42
0 0 0 0 0 0 0 0 0 0 0 45 42
0 0 0 0 0 0 0 0 0 0 0 45 42
0 0 0 0 0 0 0 0 0 0 0 45 42
0 0 0 0 0 0 0 0 0 0 0 45 42
0 0 0 0 0 0 0 0 0 0 0 45 42
0 0 0 0 0 0 0 0 0 0 0 45 42
0 0 0 0 0 0 0 0 0 0 0 45 43
0 0 0 0 0 0 0 0 0 0 0 45 43
0 0 0 0 0 0 0 0 0 0 0 45 43
0 0 0 0 0 0 0 0 0 0 0 45 43
0 0 0 0 0 0 0 0 0 0 0 45 43
0 0 0 0 0 0 0 0 0 0 0 45 43
0 0 0 0 0 0 0 0 0 0 0 45 43
0 0 0 0 0 0 0 0 0 0 0 45 43
0 0 0 0 0 0 0 0 0 0 0 45 43
0 0 0 0 0 0 0 0 0 0 0 45 43
0 0 0 0 0 0 0 0 0 0 0 45 43
0 0 0 0 0 0 0 0 0 0 0 45 43
0 0 0 0 0 0 0 0 0 0 0 45 43
0 0 0 0 0 0 0 0 0 0 0 45 43
0 0 0 0 0 0 0 0 0 0 0 45 43
0 0 0 0 0 0 0 0 0 0 0 45 43
0 0 0 0 0 0 0 0 0 0 0 45 43
0 0 0 0 0 0 0 0 0 0 0 45 43
0 0 0 0 0 0 0 0 0 0 0 45 43
0 0 0 0 0 0 0 0 0 0 0 45 43
0 0 0 0 0 0 0 0 0 0 0 45 43
0 0 0 0 0 0 0 0 0 0 0 45 43
0 0 0 0 0 0 0 0 0 0 0 45 43
0 0 0 0 0 0 0 0 0 0 0 45 43
0 0 0 0 0 0 0 0 0 0 0 45 43
0 0 0 0 0 0 0 0 0 0 0 45 44
0 0 0 0 0 0 0 0 0 0 0 45 44
0 0 0 0 0 0 0 0 0 0 0 45 44
0 0 0 0 0 0 0 0 0 0 0 45 44
0 0 0 0 0 0 0 0 0 0 0 45 44
0 0 0 0 0 0 0 0 0 0 0 45 44
0 0 0 0 0 0 0 0 0 0 0 45 44
0 0 0 0 0 0 0 0 0 0 0 45 44
0 0 0 0 0 0 0 0 0 0 0 45 44
0 0 0 0 0 0 0 0 0 0 0 45 44
0 0 0 0 0 0 0 0 0 0 0 45 44
0 0 0 0 0 0 0 0 0 0 0 45 44
0 0 0 0 0 0 0 0 0 0 0 45 44
0 0 0 0 0 0 0 0 0 0 0 45 44
0 0 0 0 0 0 0 0 0 0 0 45 44
0 0 0 0 0 0 0 0 0 0 0 45 44
0 0 0 0 0 0 0 0 0 0 0 45 44
0 0 0 0 0 0 0 0 0 0 0 45 44
0 0 0 0 0 0 0 0 0 0 0 45 44
0 0 0 0 0 0 0 0 0 0 0 45 44
0 0 0 0 0 0 0 0 0 0 0 45 44
0 0 0 0 0 0 0 0 0 0 0 45 44
0 0 0 0 0 0 0 0 0 0 0 45 44
0 0 0 0 0 0 0 0 0 0 0 45 44
0 0 0 0 0 0 0 0 0 0 0 45 44
0 0 0 0 0 0 0 0 0 0 0 46 14
0 0 0 0 0 0 0 0 0 0 0 46 14
0 0 0 0 0 0 0 0 0 0 0 46 14
0 0 0 0 0 0 0 0 0 0 0 46 14
0 0 0 0 0 0 0 0 0 0 0 46 14
0 0 0 0 0 0 0 0 0 0 0 46 14
0 0 0 0 0 0 0 0 0 0 0 46 14
0 0 0 0 0 0 0 0 0 0 0 46 14
0 0 0 0 0 0 0 0 0 0 0 46 14
0 0 0 0 0 0 0 0 0 0 0 46 14
0 0 0 0 0 0 0 0 0 0 0 46 14
0 0 0 0 0 0 0 0 0 0 0 46 14
0 0 0 0 0 0 0 0 0 0 0 46 14
0 0 0 0 0 0 0 0 0 0 0 46 14
0 0 0 0 0 0 0 0 0 0 0 46 14
0 0 0 0 0 0 0 0 0 0 0 46 14
0 0 0 0 0 0 0 0 0 0 0 46 14
0 0 0 0 0 0 0 0 0 0 0 46 14
0 0 0 0 0 0 0 0 0 0 0 46 14
0 0 0 0 0 0 0 0 0 0 0 46 15
0 0 0 0 0 0 0 0 0 0 0 46 15
0 0 0 0 0 0 0 0 0 0 0 46 15
0 0 0 0 0 0 0 0 0 0 0 46 15
0 0 0 0 0 0 0 0 0 0 0 46 15
0 0 0 0 0 0 0 0 0 0 0 46 15
0 0 0 0 0 0 0 0 0 0 0 46 15
0 0 0 0 0 0 0 0 0 0 0 46 15
0 0 0 0 0 0 0 0 0 0 0 46 15
0 0 0 0 0 0 0 0 0 0 0 46 15
0 0 0 0 0 0 0 0 0 0 0 46 15
0 0 0 0 0 0 0 0 0 0 0 46 15
0 0 0 0 0 0 0 0 0 0 0 46 15
0 0 0 0 0 0 0 0 0 0 0 46 15
0 0 0 0 0 0 0 0 0 0 0 46 15
0 0 0 0 0 0 0 0 0 0 0 46 15
0 0 0 0 0 0 0 0 0 0 0 46 15
0 0 0 0 0 0 0 0 0 0 0 46 15
0 0 0 0 0 0 0 0 0 0 0 46 15
0 0 0 0 0 0 0 0 0 0 0 46 15
0 0 0 0 0 0 0 0 0 0 0 46 15
0 0 0 0 0 0 0 0 0 0 0 46 15
0 0 0 0 0 0 0 0 0 0 0 46 15
0 0 0 0 0 0 0 0 0 0 0 46 15
0 0 0 0 0 0 0 0 0 0 0 46 15
0 0 0 0 0 0 0 0 0 0 0 46 15
0 0 0 0 0 0 0 0 0 0 0 46 16
0 0 0 0 0 0 0 0 0 0 0 46 16
0 0 0 0 0 0 0 0 0 0 0 46 16
0 0 0 0 0 0 0 0 0 0 0 46 16
0 0 0 0 0 0 0 0 0 0 0 46 16
0 0 0 0 0 0 0 0 0 0 0 46 16
0 0 0 0 0 0 0 0 0 0 0 46 16
0 0 0 0 0 0 0 0 0 0 0 46 16
0 0 0 0 0 0 0 0 0 0 0 46 16
0 0 0 0 0 0 0 0 0 0 0 46 16
0 0 0 0 0 0 0 0 0 0 0 46 16
0 0 0 0 0 0 0 0 0 0 0 46 16
0 0 0 0 0 0 0 0 0 0 0 46 16
0 0 0 0 0 0 0 0 0 0 0 46 16
0 0 0 0 0 0 0 0 0 0 0 46 16
0 0 0 0 0 0 0 0 0 0 0 46 16
0 0 0 0 0 0 0 0 0 0 0 46 16
0 0 0 0 0 0 0 0 0 0 0 46 16
0 0 0 0 0 0 0 0 0 0 0 46 16
0 0 0 0 0 0 0 0 0 0 0 46 16
0 0 0 0 0 0 0 0 0 0 0 46 16
0 0 0 0 0 0 0 0 0 0 0 46 16
0 0 0 0 0 0 0 0 0 0 0 46 16
0 0 0 0 0 0 0 0 0 0 0 46 16
0 0 0 0 0 0 0 0 0 0 0 46 16
0 0 0 0 0 0 0 0 0 0 0 46 17
0 0 0 0 0 0 0 0 0 0 0 46 17
0 0 0 0 0 0 0 0 0 0 0 46 17
0 0 0 0 0 0 0 0 0 0 0 46 17
0 0 0 0 0 0 0 0 0 0 0 46 17
0 0 0 0 0 0 0 0 0 0 0 46 17
0 0 0 0 0 0 0 0 0 0 0 46 17
0 0 0 0 0 0 0 0 0 0 0 46 17
0 0 0 0 0 0 0 0 0 0 0 46 17
0 0 0 0 0 0 0 0 0 0 0 46 17
0 0 0 0 0 0 0 0 0 0 0 46 17
0 0 0 0 0 0 0 0 0 0 0 46 17
0 0 0 0 0 0 0 0 0 0 0 46 17
0 0 0 0 0 0 0 0 0 0 0 46 17
0 0 0 0 0 0 0 0 0 0 0 46 17
0 0 0 0 0 0 0 0 0 0 0 46 17
0 0 0 0 0 0 0 0 0 0 0 46 17
0 0 0 0 0 0 0 0 0 0 0 46 17
0 0 0 0 0 0 0 0 0 0 0 46 17
0 0 0 0 0 0 0 0 0 0 0 46 17
0 0 0 0 0 0 0 0 0 0 0 46 17
0 0 0 0 0 0 0 0 0 0 0 46 17
0 0 0 0 0 0 0 0 0 0 0 46 17
0 0 0 0 0 0 0 0 0 0 0 46 17
0 0 0 0 0 0 0 0 0 0 0 46 17
0 0 0 0 0 0 0 0 0 0 0 46 18
0 0 0 0 0 0 0 0 0 0 0 46 18
0 0 0 0 0 0 0 0 0 0 0 46 18
0 0 0 0 0 0 0 0 0 0 0 46 18
0 0 0 0 0 0 0 0 0 0 0 46 18
0 0 0 0 0 0 0 0 0 0 0 46 18
0 0 0 0 0 0 0 0 0 0 0 46 18
0 0 0 0 0 0 0 0 0 0 0 46 18
0 0 0 0 0 0 0 0 0 0 0 46 18
0 0 0 0 0 0 0 0 0 0 0 46 18
0 0 0 0 0 0 0 0 0 0 0 46 18
0 0 0 0 0 0 0 0 0 0 0 46 18
0 0 0 0 0 0 0 0 0 0 0 46 18
0 0 0 0 0 0 0 0 0 0 0 46 18
0 0 0 0 0 0 0 0 0 0 0 46 18
0 0 0 0 0 0 0 0 0 0 0 46 18
0 0 0 0 0 0 0 0 0 0 0 46 18
0 0 0 0 0 0 0 0 0 0 0 46 18
0 0 0 0 0 0 0 0 0 0 0 46 18
0 0 0 0 0 0 0 0 0 0 0 46 18
0 0 0 0 0 0 0 0 0 0 0 46 18
0 0 0 0 0 0 0 0 0 0 0 46 18
0 0 0 0 0 0 0 0 0 0 0 46 18
0 0 0 0 0 0 0 0 0 0 0 46 18
0 0 0 0 0 0 0 0 0 0 0 46 18
0 0 0 0 0 0 0 0 0 0 0 46 18
0 0 0 0 0 0 0 0 0 0 0 46 18
0 0 0 0 0 0 0 0 0 0 0 46 19
0 0 0 0 0 0 0 0 0 0 0 46 19
0 0 0 0 0 0 0 0 0 0 0 46 19
0 0 0 0 0 0 0 0 0 0 0 46 19
0 0 0 0 0 0 0 0 0 0 0 46 19
0 0 0 0 0 0 0 0 0 0 0 46 19
0 0 0 0 0 0 0 0 0 0 0 46 19
0 0 0 0 0 0 0 0 0 0 0 46 19
0 0 0 0 0 0 0 0 0 0 0 46 19
0 0 0 0 0 0 0 0 0 0 0 46 19
0 0 0 0 0 0 0 0 0 0 0 46 19
0 0 0 0 0 0 0 0 0 0 0 46 19
0 0 0 0 0 0 0 0 0 0 0 46 19
0 0 0 0 0 0 0 0 0 0 0 46 19
0 0 0 0 0 0 0 0 0 0 0 46 19
0 0 0 0 0 0 0 0 0 0 0 46 19
0 0 0 0 0 0 0 0 0 0 0 46 19
0 0 0 0 0 0 0 0 0 0 0 46 19
0 0 0 0 0 0 0 0 0 0 0 46 19
0 0 0 0 0 0 0 0 0 0 0 46 19
0 0 0 0 0 0 0 0 0 0 0 46 19
0 0 0 0 0 0 0 0 0 0 0 46 19
0 0 0 0 0 0 0 0 0 0 0 46 19
0 0 0 0 0 0 0 0 0 0 0 46 19
0 0 0 0 0 0 0 0 0 0 0 46 19
0 0 0 0 0 0 0 0 0 0 0 46 19
0 0 0 0 0 0 0 0 0 0 0 46 20
0 0 0 0 0 0 0 0 0 0 0 46 20
0 0 0 0 0 0 0 0 0 0 0 46 20
0 0 0 0 0 0 0 0 0 0 0 46 20
0 0 0 0 0 0 0 0 0 0 0 46 20
0 0 0 0 0 0 0 0 0 0 0 46 20
0 0 0 0 0 0 0 0 0 0 0 46 20
0 0 0 0 0 0 0 0 0 0 0 46 20
0 0 0 0 0 0 0 0 0 0 0 46 20
0 0 0 0 0 0 0 0 0 0 0 46 20
0 0 0 0 0 0 0 0 0 0 0 46 20
0 0 0 0 0 0 0 0 0 0 0 46 20
0 0 0 0 0 0 0 0 0 0 0 46 20
0 0 0 0 0 0 0 0 0 0 0 46 20
0 0 0 0 0 0 0 0 0 0 0 46 20
0 0 0 0 0 0 0 0 0 0 0 46 20
0 0 0 0 0 0 0 0 0 0 0 46 20
0 0 0 0 0 0 0 0 0 0 0 46 20
0 0 0 0 0 0 0 0 0 0 0 46 20
0 0 0 0 0 0 0 0 0 0 0 46 20
0 0 0 0 0 0 0 0 0 0 0 46 20
0 0 0 0 0 0 0 0 0 0 0 46 20
0 0 0 0 0 0 0 0 0 0 0 46 20
0 0 0 0 0 0 0 0 0 0 0 46 20
0 0 0 0 0 0 0 0 0 0 0 46 20
0 0 0 0 0 0 0 0 0 0 0 46 20
0 0 0 0 0 0 0 0 0 0 0 46 21
0 0 0 0 0 0 0 0 0 0 0 46 21
0 0 0 0 0 0 0 0 0 0 0 46 21
0 0 0 0 0 0 0 0 0 0 0 46 21
0 0 0 0 0 0 0 0 0 0 0 46 21
0 0 0 0 0 0 0 0 0 0 0 46 21
0 0 0 0 0 0 0 0 0 0 0 46 21
0 0 0 0 0 0 0 0 0 0 0 46 21
0 0 0 0 0 0 0 0 0 0 0 46 21
0 0 0 0 0 0 0 0 0 0 0 46 21
0 0 0 0 0 0 0 0 0 0 0 46 21
0 0 0 0 0 0 0 0 0 0 0 46 21
0 0 0 0 0 0 0 0 0 0 0 46 21
0 0 0 0 0 0 0 0 0 0 0 46 21
0 0 0 0 0 0 0 0 0 0 0 46 21
0 0 0 0 0 0 0 0 0 0 0 46 21
0 0 0 0 0 0 0 0 0 0 0 46 21
0 0 0 0 0 0 0 0 0 0 0 46 21
0 0 0 0 0 0 0 0 0 0 0 46 21
0 0 0 0 0 0 0 0 0 0 0 46 21
0 0 0 0 0 0 0 0 0 0 0 46 21
0 0 0 0 0 0 0 0 0 0 0 46 21
0 0 0 0 0 0 0 0 0 0 0 46 21
0 0 0 0 0 0 0 0 0 0 0 46 21
0 0 0 0 0 0 0 0 0 0 0 46 21
0 0 0 0 0 0 0 0 0 0 0 46 22
0 0 0 0 0 0 0 0 0 0 0 46 22
0 0 0 0 0 0 0 0 0 0 0 46 22
0 0 0 0 0 0 0 0 0 0 0 46 22
0 0 0 0 0 0 0 0 0 0 0 46 22
0 0 0 0 0 0 0 0 0 0 0 46 22
0 0 0 0 0 0 0 0 0 0 0 46 22
0 0 0 0 0 0 0 0 0 0 0 46 22
0 0 0 0 0 0 0 0 0 0 0 46 22
0 0 0 0 0 0 0 0 0 0 0 46 22
0 0 0 0 0 0 0 0 0 0 0 46 22
0 0 0 0 0 0 0 0 0 0 0 46 22
0 0 0 0 0 0 0 0 0 0 0 46 22
0 0 0 0 0 0 0 0 0 0 0 46 22
0 0 0 0 0 0 0 0 0 0 0 46 22
0 0 0 0 0 0 0 0 0 0 0 46 22
0 0 0 0 0 0 0 0 0 0 0 46 22
0 0 0 0 0 0 0 0 0 0 0 46 22
0 0 0 0 0 0 0 0 0 0 0 46 22
0 0 0 0 0 0 0 0 0 0 0 46 22
0 0 0 0 0 0 0 0 0 0 0 46 22
0 0 0 0 0 0 0 0 0 0 0 46 22
0 0 0 0 0 0 0 0 0 0 0 46 22
0 0 0 0 0 0 0 0 0 0 0 46 22
0 0 0 0 0 0 0 0 0 0 0 46 22
0 0 0 0 0 0 0 0 0 0 0 46 22
0 0 0 0 0 0 0 0 0 0 0 46 23
0 0 0 0 0 0 0 0 0 0 0 46 23
0 0 0 0 0 0 0 0 0 0 0 46 23
0 0 0 0 0 0 0 0 0 0 0 46 23
0 0 0 0 0 0 0 0 0 0 0 46 23
0 0 0 0 0 0 0 0 0 0 0 46 23
0 0 0 0 0 0 0 0 0 0 0 46 23
0 0 0 0 0 0 0 0 0 0 0 46 23
0 0 0 0 0 0 0 0 0 0 0 46 23
0 0 0 0 0 0 0 0 0 0 0 46 23
0 0 0 0 0 0 0 0 0 0 0 46 23
0 0 0 0 0 0 0 0 0 0 0 46 23
0 0 0 0 0 0 0 0 0 0 0 46 23
0 0 0 0 0 0 0 0 0 0 0 46 23
0 0 0 0 0 0 0 0 0 0 0 46 23
0 0 0 0 0 0 0 0 0 0 0 46 23
0 0 0 0 0 0 0 0 0 0 0 46 23
0 0 0 0 0 0 0 0 0 0 0 46 23
0 0 0 0 0 0 0 0 0 0 0 46 23
0 0 0 0 0 0 0 0 0 0 0 46 23
0 0 0 0 0 0 0 0 0 0 0 46 23
0 0 0 0 0 0 0 0 0 0 0 46 23
0 0 0 0 0 0 0 0 0 0 0 46 23
0 0 0 0 0 0 0 0 0 0 0 46 23
0 0 0 0 0 0 0 0 0 0 0 46 23
0 0 0 0 0 0 0 0 0 0 0 46 23
0 0 0 0 0 0 0 0 0 0 0 46 24
0 0 0 0 0 0 0 0 0 0 0 46 24
0 0 0 0 0 0 0 0 0 0 0 46 24
0 0 0 0 0 0 0 0 0 0 0 46 24
0 0 0 0 0 0 0 0 0 0 0 46 24
0 0 0 0 0 0 0 0 0 0 0 46 24
0 0 0 0 0 0 0 0 0 0 0 46 24
0 0 0 0 0 0 0 0 0 0 0 46 24
0 0 0 0 0 0 0 0 0 0 0 46 24
0 0 0 0 0 0 0 0 0 0 0 46 24
0 0 0 0 0 0 0 0 0 0 0 46 24
0 0 0 0 0 0 0 0 0 0 0 46 24
0 0 0 0 0 0 0 0 0 0 0 46 24
0 0 0 0 0 0 0 0 0 0 0 46 24
0 0 0 0 0 0 0 0 0 0 0 46 24
0 0 0 0 0 0 0 0 0 0 0 46 24
0 0 0 0 0 0 0 0 0 0 0 46 24
0 0 0 0 0 0 0 0 0 0 0 46 24
0 0 0 0 0 0 0 0 0 0 0 46 24
0 0 0 0 0 0 0 0 0 0 0 46 24
0 0 0 0 0 0 0 0 0 0 0 46 24
0 0 0 0 0 0 0 0 0 0 0 46 24
0 0 0 0 0 0 0 0 0 0 0 46 24
0 0 0 0 0 0 0 0 0 0 0 46 24
0 0 0 0 0 0 0 0 0 0 0 46 24
0 0 0 0 0 0 0 0 0 0 0 46 25
0 0 0 0 0 0 0 0 0 0 0 46 25
0 0 0 0 0 0 0 0 0 0 0 46 25
0 0 0 0 0 0 0 0 0 0 0 46 25
0 0 0 0 0 0 0 0 0 0 0 46 25
0 0 0 0 0 0 0 0 0 0 0 46 25
0 0 0 0 0 0 0 0 0 0 0 46 25
0 0 0 0 0 0 0 0 0 0 0 46 25
0 0 0 0 0 0 0 0 0 0 0 46 25
0 0 0 0 0 0 0 0 0 0 0 46 25
0 0 0 0 0 0 0 0 0 0 0 46 25
0 0 0 0 0 0 0 0 0 0 0 46 25
0 0 0 0 0 0 0 0 0 0 0 46 25
0 0 0 0 0 0 0 0 0 0 0 46 25
0 0 0 0 0 0 0 0 0 0 0 46 25
0 0 0 0 0 0 0 0 0 0 0 46 25
0 0 0 0 0 0 0 0 0 0 0 46 25
0 0 0 0 0 0 0 0 0 0 0 46 25
0 0 0 0 0 0 0 0 0 0 0 46 25
0 0 0 0 0 0 0 0 0 0 0 46 25
0 0 0 0 0 0 0 0 0 0 0 46 25
0 0 0 0 0 0 0 0 0 0 0 46 25
0 0 0 0 0 0 0 0 0 0 0 46 25
0 0 0 0 0 0 0 0 0 0 0 46 25
0 0 0 0 0 0 0 0 0 0 0 46 25
0 0 0 0 0 0 0 0 0 0 0 46 25
0 0 0 0 0 0 0 0 0 0 0 46 25
0 0 0 0 0 0 0 0 0 0 0 46 26
0 0 0 0 0 0 0 0 0 0 0 46 26
0 0 0 0 0 0 0 0 0 0 0 46 26
0 0 0 0 0 0 0 0 0 0 0 46 26
0 0 0 0 0 0 0 0 0 0 0 46 26
0 0 0 0 0 0 0 0 0 0 0 46 26
0 0 0 0 0 0 0 0 0 0 0 46 26
0 0 0 0 0 0 0 0 0 0 0 46 26
0 0 0 0 0 0 0 0 0 0 0 46 26
0 0 0 0 0 0 0 0 0 0 0 46 26
0 0 0 0 0 0 0 0 0 0 0 46 26
0 0 0 0 0 0 0 0 0 0 0 46 26
0 0 0 0 0 0 0 0 0 0 0 46 26
0 0 0 0 0 0 0 0 0 0 0 46 26
0 0 0 0 0 0 0 0 0 0 0 46 26
0 0 0 0 0 0 0 0 0 0 0 46 26
0 0 0 0 0 0 0 0 0 0 0 46 26
0 0 0 0 0 0 0 0 0 0 0 46 26
0 0 0 0 0 0 0 0 0 0 0 46 26
0 0 0 0 0 0 0 0 0 0 0 46 26
0 0 0 0 0 0 0 0 0 0 0 46 26
0 0 0 0 0 0 0 0 0 0 0 46 26
0 0 0 0 0 0 0 0 0 0 0 46 26
0 0 0 0 0 0 0 0 0 0 0 46 26
0 0 0 0 0 0 0 0 0 0 0 46 26
0 0 0 0 0 0 0 0 0 0 0 46 27
0 0 0 0 0 0 0 0 0 0 0 46 27
0 0 0 0 0 0 0 0 0 0 0 46 27
0 0 0 0 0 0 0 0 0 0 0 46 27
0 0 0 0 0 0 0 0 0 0 0 46 27
0 0 0 0 0 0 0 0 0 0 0 46 27
0 0 0 0 0 0 0 0 0 0 0 46 27
0 0 0 0 0 0 0 0 0 0 0 46 27
0 0 0 0 0 0 0 0 0 0 0 46 27
0 0 0 0 0 0 0 0 0 0 0 46 27
0 0 0 0 0 0 0 0 0 0 0 46 27
0 0 0 0 0 0 0 0 0 0 0 46 27
0 0 0 0 0 0 0 0 0 0 0 46 27
0 0 0 0 0 0 0 0 0 0 0 46 27
0 0 0 0 0 0 0 0 0 0 0 46 27
0 0 0 0 0 0 0 0 0 0 0 46 27
0 0 0 0 0 0 0 0 0 0 0 46 27
0 0 0 0 0 0 0 0 0 0 0 46 27
0 0 0 0 0 0 0 0 0 0 0 46 27
0 0 0 0 0 0 0 0 0 0 0 46 27
0 0 0 0 0 0 0 0 0 0 0 46 27
0 0 0 0 0 0 0 0 0 0 0 46 27
0 0 0 0 0 0 0 0 0 0 0 46 27
0 0 0 0 0 0 0 0 0 0 0 46 27
0 0 0 0 0 0 0 0 0 0 0 46 27
0 0 0 0 0 0 0 0 0 0 0 46 27
0 0 0 0 0 0 0 0 0 0 0 46 28
0 0 0 0 0 0 0 0 0 0 0 46 28
0 0 0 0 0 0 0 0 0 0 0 46 28
0 0 0 0 0 0 0 0 0 0 0 46 28
0 0 0 0 0 0 0 0 0 0 0 46 28
0 0 0 0 0 0 0 0 0 0 0 46 28
0 0 0 0 0 0 0 0 0 0 0 46 28
0 0 0 0 0 0 0 0 0 0 0 46 28
0 0 0 0 0 0 0 0 0 0 0 46 28
0 0 0 0 0 0 0 0 0 0 0 46 28
0 0 0 0 0 0 0 0 0 0 0 46 28
0 0 0 0 0 0 0 0 0 0 0 46 28
0 0 0 0 0 0 0 0 0 0 0 46 28
0 0 0 0 0 0 0 0 0 0 0 46 28
0 0 0 0 0 0 0 0 0 0 0 46 28
0 0 0 0 0 0 0 0 0 0 0 46 28
0 0 0 0 0 0 0 0 0 0 0 46 28
0 0 0 0 0 0 0 0 0 0 0 46 28
0 0 0 0 0 0 0 0 0 0 0 46 28
0 0 0 0 0 0 0 0 0 0 0 46 28
0 0 0 0 0 0 0 0 0 0 0 46 28
0 0 0 0 0 0 0 0 0 0 0 46 28
0 0 0 0 0 0 0 0 0 0 0 46 28
0 0 0 0 0 0 0 0 0 0 0 46 28
0 0 0 0 0 0 0 0 0 0 0 46 28
0 0 0 0 0 0 0 0 0 0 0 46 28
0 0 0 0 0 0 0 0 0 0 0 46 28
0 0 0 0 0 0 0 0 0 0 0 46 29
0 0 0 0 0 0 0 0 0 0 0 46 29
0 0 0 0 0 0 0 0 0 0 0 46 29
0 0 0 0 0 0 0 0 0 0 0 46 29
0 0 0 0 0 0 0 0 0 0 0 46 29
0 0 0 0 0 0 0 0 0 0 0 46 29
0 0 0 0 0 0 0 0 0 0 0 46 29
0 0 0 0 0 0 0 0 0 0 0 46 29
0 0 0 0 0 0 0 0 0 0 0 46 29
0 0 0 0 0 0 0 0 0 0 0 46 29
0 0 0 0 0 0 0 0 0 0 0 46 29
0 0 0 0 0 0 0 0 0 0 0 46 29
0 0 0 0 0 0 0 0 0 0 0 46 29
0 0 0 0 0 0 0 0 0 0 0 46 29
0 0 0 0 0 0 0 0 0 0 0 46 29
0 0 0 0 0 0 0 0 0 0 0 46 29
0 0 0 0 0 0 0 0 0 0 0 46 29
0 0 0 0 0 0 0 0 0 0 0 46 29
0 0 0 0 0 0 0 0 0 0 0 46 29
0 0 0 0 0 0 0 0 0 0 0 46 29
0 0 0 0 0 0 0 0 0 0 0 46 29
0 0 0 0 0 0 0 0 0 0 0 46 29
0 0 0 0 0 0 0 0 0 0 0 46 29
0 0 0 0 0 0 0 0 0 0 0 46 29
0 0 0 0 0 0 0 0 0 0 0 46 30
0 0 0 0 0 0 0 0 0 0 0 46 30
0 0 0 0 0 0 0 0 0 0 0 46 30
0 0 0 0 0 0 0 0 0 0 0 46 30
0 0 0 0 0 0 0 0 0 0 0 46 30
0 0 0 0 0 0 0 0 0 0 0 46 30
0 0 0 0 0 0 0 0 0 0 0 46 30
0 0 0 0 0 0 0 0 0 0 0 46 30
0 0 0 0 0 0 0 0 0 0 0 46 30
0 0 0 0 0 0 0 0 0 0 0 46 30
0 0 0 0 0 0 0 0 0 0 0 46 30
0 0 0 0 0 0 0 0 0 0 0 46 30
0 0 0 0 0 0 0 0 0 0 0 46 30
0 0 0 0 0 0 0 0 0 0 0 46 30
0 0 0 0 0 0 0 0 0 0 0 46 30
0 0 0 0 0 0 0 0 0 0 0 46 30
0 0 0 0 0 0 0 0 0 0 0 46 30
0 0 0 0 0 0 0 0 0 0 0 46 30
0 0 0 0 0 0 0 0 0 0 0 46 30
0 0 0 0 0 0 0 0 0 0 0 46 30
0 0 0 0 0 0 0 0 0 0 0 46 30
0 0 0 0 0 0 0 0 0 0 0 46 30
0 0 0 0 0 0 0 0 0 0 0 46 30
0 0 0 0 0 0 0 0 0 0 0 46 30
0 0 0 0 0 0 0 0 0 0 0 46 30
0 0 0 0 0 0 0 0 0 0 0 46 31
0 0 0 0 0 0 0 0 0 0 0 46 31
0 0 0 0 0 0 0 0 0 0 0 46 31
0 0 0 0 0 0 0 0 0 0 0 46 31
0 0 0 0 0 0 0 0 0 0 0 46 31
0 0 0 0 0 0 0 0 0 0 0 46 31
0 0 0 0 0 0 0 0 0 0 0 46 31
0 0 0 0 0 0 0 0 0 0 0 46 31
0 0 0 0 0 0 0 0 0 0 0 46 31
0 0 0 0 0 0 0 0 0 0 0 46 31
0 0 0 0 0 0 0 0 0 0 0 46 31
0 0 0 0 0 0 0 0 0 0 0 46 31
0 0 0 0 0 0 0 0 0 0 0 46 31
0 0 0 0 0 0 0 0 0 0 0 46 31
0 0 0 0 0 0 0 0 0 0 0 46 31
0 0 0 0 0 0 0 0 0 0 0 46 31
0 0 0 0 0 0 0 0 0 0 0 46 31
0 0 0 0 0 0 0 0 0 0 0 46 31
0 0 0 0 0 0 0 0 0 0 0 46 31
0 0 0 0 0 0 0 0 0 0 0 46 31
0 0 0 0 0 0 0 0 0 0 0 46 31
0 0 0 0 0 0 0 0 0 0 0 46 31
0 0 0 0 0 0 0 0 0 0 0 46 31
0 0 0 0 0 0 0 0 0 0 0 46 31
0 0 0 0 0 0 0 0 0 0 0 46 32
0 0 0 0 0 0 0 0 0 0 0 46 32
0 0 0 0 0 0 0 0 0 0 0 46 32
0 0 0 0 0 0 0 0 0 0 0 46 32
0 0 0 0 0 0 0 0 0 0 0 46 32
0 0 0 0 0 0 0 0 0 0 0 46 32
0 0 0 0 0 0 0 0 0 0 0 46 32
0 0 0 0 0 0 0 0 0 0 0 46 32
0 0 0 0 0 0 0 0 0 0 0 46 32
0 0 0 0 0 0 0 0 0 0 0 46 32
0 0 0 0 0 0 0 0 0 0 0 46 32
0 0 0 0 0 0 0 0 0 0 0 46 32
0 0 0 0 0 0 0 0 0 0 0 46 32
0 0 0 0 0 0 0 0 0 0 0 46 32
0 0 0 0 0 0 0 0 0 0 0 46 32
0 0 0 0 0 0 0 0 0 0 0 46 32
0 0 0 0 0 0 0 0 0 0 0 46 32
0 0 0 0 0 0 0 0 0 0 0 46 32
0 0 0 0 0 0 0 0 0 0 0 46 32
0 0 0 0 0 0 0 0 0 0 0 46 32
0 0 0 0 0 0 0 0 0 0 0 46 32
0 0 0 0 0 0 0 0 0 0 0 46 32
0 0 0 0 0 0 0 0 0 0 0 46 32
0 0 0 0 0 0 0 0 0 0 0 46 33
0 0 0 0 0 0 0 0 0 0 0 46 33
0 0 0 0 0 0 0 0 0 0 0 46 33
0 0 0 0 0 0 0 0 0 0 0 46 33
0 0 0 0 0 0 0 0 0 0 0 46 33
0 0 0 0 0 0 0 0 0 0 0 46 33
0 0 0 0 0 0 0 0 0 0 0 46 33
0 0 0 0 0 0 0 0 0 0 0 46 33
0 0 0 0 0 0 0 0 0 0 0 46 33
0 0 0 0 0 0 0 0 0 0 0 46 33
0 0 0 0 0 0 0 0 0 0 0 46 33
0 0 0 0 0 0 0 0 0 0 0 46 33
0 0 0 0 0 0 0 0 0 0 0 46 33
0 0 0 0 0 0 0 0 0 0 0 46 33
0 0 0 0 0 0 0 0 0 0 0 46 33
0 0 0 0 0 0 0 0 0 0 0 46 33
0 0 0 0 0 0 0 0 0 0 0 46 33
0 0 0 0 0 0 0 0 0 0 0 46 33
0 0 0 0 0 0 0 0 0 0 0 46 33
0 0 0 0 0 0 0 0 0 0 0 46 33
0 0 0 0 0 0 0 0 0 0 0 46 33
0 0 0 0 0 0 0 0 0 0 0 46 34
0 0 0 0 0 0 0 0 0 0 0 46 34
0 0 0 0 0 0 0 0 0 0 0 46 34
0 0 0 0 0 0 0 0 0 0 0 46 34
0 0 0 0 0 0 0 0 0 0 0 46 34
0 0 0 0 0 0 0 0 0 0 0 46 34
0 0 0 0 0 0 0 0 0 0 0 46 34
0 0 0 0 0 0 0 0 0 0 0 46 34
0 0 0 0 0 0 0 0 0 0 0 46 34
0 0 0 0 0 0 0 0 0 0 0 46 34
0 0 0 0 0 0 0 0 0 0 0 46 34
0 0 0 0 0 0 0 0 0 0 0 46 34
0 0 0 0 0 0 0 0 0 0 0 46 34
0 0 0 0 0 0 0 0 0 0 0 46 34
0 0 0 0 0 0 0 0 0 0 0 46 34
0 0 0 0 0 0 0 0 0 0 0 46 34
0 0 0 0 0 0 0 0 0 0 0 46 34
0 0 0 0 0 0 0 0 0 0 0 46 34
0 0 0 0 0 0 0 0 0 0 0 46 34
0 0 0 0 0 0 0 0 0 0 0 46 34
0 0 0 0 0 0 0 0 0 0 0 46 34
0 0 0 0 0 0 0 0 0 0 0 46 34
0 0 0 0 0 0 0 0 0 0 0 46 34
0 0 0 0 0 0 0 0 0 0 0 46 34
0 0 0 0 0 0 0 0 0 0 0 46 35
0 0 0 0 0 0 0 0 0 0 0 46 35
0 0 0 0 0 0 0 0 0 0 0 46 35
0 0 0 0 0 0 0 0 0 0 0 46 35
0 0 0 0 0 0 0 0 0 0 0 46 35
0 0 0 0 0 0 0 0 0 0 0 46 35
0 0 0 0 0 0 0 0 0 0 0 46 35
0 0 0 0 0 0 0 0 0 0 0 46 35
0 0 0 0 0 0 0 0 0 0 0 46 35
0 0 0 0 0 0 0 0 0 0 0 46 35
0 0 0 0 0 0 0 0 0 0 0 46 35
0 0 0 0 0 0 0 0 0 0 0 46 35
0 0 0 0 0 0 0 0 0 0 0 46 35
0 0 0 0 0 0 0 0 0 0 0 46 35
0 0 0 0 0 0 0 0 0 0 0 46 35
0 0 0 0 0 0 0 0 0 0 0 46 35
0 0 0 0 0 0 0 0 0 0 0 46 35
0 0 0 0 0 0 0 0 0 0 0 46 35
0 0 0 0 0 0 0 0 0 0 0 46 35
0 0 0 0 0 0 0 0 0 0 0 46 35
0 0 0 0 0 0 0 0 0 0 0 46 35
0 0 0 0 0 0 0 0 0 0 0 46 35
0 0 0 0 0 0 0 0 0 0 0 46 35
0 0 0 0 0 0 0 0 0 0 0 46 35
0 0 0 0 0 0 0 0 0 0 0 46 35
0 0 0 0 0 0 0 0 0 0 0 46 35
0 0 0 0 0 0 0 0 0 0 0 46 35
0 0 0 0 0 0 0 0 0 0 0 46 36
0 0 0 0 0 0 0 0 0 0 0 46 36
0 0 0 0 0 0 0 0 0 0 0 46 36
0 0 0 0 0 0 0 0 0 0 0 46 36
0 0 0 0 0 0 0 0 0 0 0 46 36
0 0 0 0 0 0 0 0 0 0 0 46 36
0 0 0 0 0 0 0 0 0 0 0 46 36
0 0 0 0 0 0 0 0 0 0 0 46 36
0 0 0 0 0 0 0 0 0 0 0 46 36
0 0 0 0 0 0 0 0 0 0 0 46 36
0 0 0 0 0 0 0 0 0 0 0 46 36
0 0 0 0 0 0 0 0 0 0 0 46 36
0 0 0 0 0 0 0 0 0 0 0 46 36
0 0 0 0 0 0 0 0 0 0 0 46 36
0 0 0 0 0 0 0 0 0 0 0 46 36
0 0 0 0 0 0 0 0 0 0 0 46 36
0 0 0 0 0 0 0 0 0 0 0 46 36
0 0 0 0 0 0 0 0 0 0 0 46 36
0 0 0 0 0 0 0 0 0 0 0 46 36
0 0 0 0 0 0 0 0 0 0 0 46 36
0 0 0 0 0 0 0 0 0 0 0 46 36
0 0 0 0 0 0 0 0 0 0 0 46 36
0 0 0 0 0 0 0 0 0 0 0 46 36
0 0 0 0 0 0 0 0 0 0 0 46 36
0 0 0 0 0 0 0 0 0 0 0 46 37
0 0 0 0 0 0 0 0 0 0 0 46 37
0 0 0 0 0 0 0 0 0 0 0 46 37
0 0 0 0 0 0 0 0 0 0 0 46 37
0 0 0 0 0 0 0 0 0 0 0 46 37
0 0 0 0 0 0 0 0 0 0 0 46 37
0 0 0 0 0 0 0 0 0 0 0 46 37
0 0 0 0 0 0 0 0 0 0 0 46 37
0 0 0 0 0 0 0 0 0 0 0 46 37
0 0 0 0 0 0 0 0 0 0 0 46 37
0 0 0 0 0 0 0 0 0 0 0 46 37
0 0 0 0 0 0 0 0 0 0 0 46 37
0 0 0 0 0 0 0 0 0 0 0 46 37
0 0 0 0 0 0 0 0 0 0 0 46 37
0 0 0 0 0 0 0 0 0 0 0 46 37
0 0 0 0 0 0 0 0 0 0 0 46 37
0 0 0 0 0 0 0 0 0 0 0 46 37
0 0 0 0 0 0 0 0 0 0 0 46 37
0 0 0 0 0 0 0 0 0 0 0 46 37
0 0 0 0 0 0 0 0 0 0 0 46 37
0 0 0 0 0 0 0 0 0 0 0 46 37
0 0 0 0 0 0 0 0 0 0 0 46 37
0 0 0 0 0 0 0 0 0 0 0 46 37
0 0 0 0 0 0 0 0 0 0 0 46 37
0 0 0 0 0 0 0 0 0 0 0 46 37
0 0 0 0 0 0 0 0 0 0 0 46 37
0 0 0 0 0 0 0 0 0 0 0 46 38
0 0 0 0 0 0 0 0 0 0 0 46 38
0 0 0 0 0 0 0 0 0 0 0 46 38
0 0 0 0 0 0 0 0 0 0 0 46 38
0 0 0 0 0 0 0 0 0 0 0 46 38
0 0 0 0 0 0 0 0 0 0 0 46 38
0 0 0 0 0 0 0 0 0 0 0 46 38
0 0 0 0 0 0 0 0 0 0 0 46 38
0 0 0 0 0 0 0 0 0 0 0 46 38
0 0 0 0 0 0 0 0 0 0 0 46 38
0 0 0 0 0 0 0 0 0 0 0 46 38
0 0 0 0 0 0 0 0 0 0 0 46 38
0 0 0 0 0 0 0 0 0 0 0 46 38
0 0 0 0 0 0 0 0 0 0 0 46 38
0 0 0 0 0 0 0 0 0 0 0 46 38
0 0 0 0 0 0 0 0 0 0 0 46 38
0 0 0 0 0 0 0 0 0 0 0 46 38
0 0 0 0 0 0 0 0 0 0 0 46 38
0 0 0 0 0 0 0 0 0 0 0 46 38
0 0 0 0 0 0 0 0 0 0 0 46 38
0 0 0 0 0 0 0 0 0 0 0 46 38
0 0 0 0 0 0 0 0 0 0 0 46 38
0 0 0 0 0 0 0 0 0 0 0 46 38
0 0 0 0 0 0 0 0 0 0 0 46 38
0 0 0 0 0 0 0 0 0 0 0 46 38
0 0 0 0 0 0 0 0 0 0 0 46 39
0 0 0 0 0 0 0 0 0 0 0 46 39
0 0 0 0 0 0 0 0 0 0 0 46 39
0 0 0 0 0 0 0 0 0 0 0 46 39
0 0 0 0 0 0 0 0 0 0 0 46 39
0 0 0 0 0 0 0 0 0 0 0 46 39
0 0 0 0 0 0 0 0 0 0 0 46 39
0 0 0 0 0 0 0 0 0 0 0 46 39
0 0 0 0 0 0 0 0 0 0 0 46 39
0 0 0 0 0 0 0 0 0 0 0 46 39
0 0 0 0 0 0 0 0 0 0 0 46 39
0 0 0 0 0 0 0 0 0 0 0 46 39
0 0 0 0 0 0 0 0 0 0 0 46 39
0 0 0 0 0 0 0 0 0 0 0 46 39
0 0 0 0 0 0 0 0 0 0 0 46 39
0 0 0 0 0 0 0 0 0 0 0 46 39
0 0 0 0 0 0 0 0 0 0 0 46 39
0 0 0 0 0 0 0 0 0 0 0 46 39
0 0 0 0 0 0 0 0 0 0 0 46 39
0 0 0 0 0 0 0 0 0 0 0 46 39
0 0 0 0 0 0 0 0 0 0 0 46 39
0 0 0 0 0 0 0 0 0 0 0 46 39
0 0 0 0 0 0 0 0 0 0 0 46 39
0 0 0 0 0 0 0 0 0 0 0 46 39
0 0 0 0 0 0 0 0 0 0 0 46 39
0 0 0 0 0 0 0 0 0 0 0 46 40
0 0 0 0 0 0 0 0 0 0 0 46 40
0 0 0 0 0 0 0 0 0 0 0 46 40
0 0 0 0 0 0 0 0 0 0 0 46 40
0 0 0 0 0 0 0 0 0 0 0 46 40
0 0 0 0 0 0 0 0 0 0 0 46 40
0 0 0 0 0 0 0 0 0 0 0 46 40
0 0 0 0 0 0 0 0 0 0 0 46 40
0 0 0 0 0 0 0 0 0 0 0 46 40
0 0 0 0 0 0 0 0 0 0 0 46 40
0 0 0 0 0 0 0 0 0 0 0 46 40
0 0 0 0 0 0 0 0 0 0 0 46 40
0 0 0 0 0 0 0 0 0 0 0 46 40
0 0 0 0 0 0 0 0 0 0 0 46 40
0 0 0 0 0 0 0 0 0 0 0 46 40
0 0 0 0 0 0 0 0 0 0 0 46 40
0 0 0 0 0 0 0 0 0 0 0 46 40
0 0 0 0 0 0 0 0 0 0 0 46 40
0 0 0 0 0 0 0 0 0 0 0 46 40
0 0 0 0 0 0 0 0 0 0 0 46 40
0 0 0 0 0 0 0 0 0 0 0 46 40
0 0 0 0 0 0 0 0 0 0 0 46 40
0 0 0 0 0 0 0 0 0 0 0 46 40
0 0 0 0 0 0 0 0 0 0 0 46 40
0 0 0 0 0 0 0 0 0 0 0 46 40
0 0 0 0 0 0 0 0 0 0 0 46 40
0 0 0 0 0 0 0 0 0 0 0 46 41
0 0 0 0 0 0 0 0 0 0 0 46 41
0 0 0 0 0 0 0 0 0 0 0 46 41
0 0 0 0 0 0 0 0 0 0 0 46 41
0 0 0 0 0 0 0 0 0 0 0 46 41
0 0 0 0 0 0 0 0 0 0 0 46 41
0 0 0 0 0 0 0 0 0 0 0 46 41
